100 720
1 601 908 2401 1.450000 1.100000
90 90 113 113 90 90 113 90 135 113 90 90 113 113 90 113 90 90 90 90 90 113 90 135 113 113 90 113 113 113 90 135 90 90 113 113 90 90 113 90 90 135 90 90 113 113 113 90 113 113 113 90 113 113 113 113 113 90 90 90 90 113 113 113 113 90 90 113 113 113 113 113 135 113 113 90 135 90 90 113 90 113 90 113 113 90 113 113 90 90 90 90 90 113 90 113 113 90 113 90 
125 725 1027 2525 1.820000 1.560000
90 90 113 113 90 90 113 90 135 113 90 90 113 113 90 113 90 90 90 90 90 113 90 135 113 113 90 113 113 113 90 135 90 90 113 113 90 90 113 90 90 135 90 90 113 113 113 90 113 113 113 90 113 113 113 113 113 90 90 90 90 113 113 113 113 90 90 113 113 113 113 113 135 113 113 90 135 90 90 113 90 113 90 113 113 90 113 113 90 90 90 90 90 113 90 113 113 90 113 90 
328 928 1378 2728 1.400000 1.850000
68 68 68 68 68 68 68 68 68 68 68 68 68 68 68 68 68 68 68 68 68 68 68 68 68 68 68 68 68 68 68 68 68 68 68 68 68 68 68 68 68 68 68 68 68 68 68 68 68 68 68 68 68 68 68 68 68 68 68 68 68 68 68 68 68 68 68 68 68 68 68 68 68 68 68 68 68 68 68 68 68 68 68 68 68 68 68 68 68 68 68 68 68 68 68 68 68 68 68 68 
374 974 1502 2774 1.760000 1.270000
68 68 90 68 68 68 90 68 90 68 68 68 90 68 68 68 68 68 68 68 68 68 68 90 90 68 68 68 68 68 68 90 68 68 68 90 68 68 68 68 68 90 68 68 68 90 90 68 68 68 68 68 90 68 68 90 90 68 68 68 68 68 90 90 90 68 68 68 90 90 68 68 90 90 68 68 90 68 68 90 68 68 68 68 68 68 68 68 68 68 68 68 68 68 68 68 68 68 90 68 
456 1056 1618 2856 1.670000 1.550000
90 90 113 113 90 90 113 90 135 113 90 90 113 113 90 113 90 90 90 90 90 113 90 135 113 113 90 113 113 113 90 135 90 90 113 113 90 90 113 90 90 135 90 90 113 113 113 90 113 113 113 90 113 113 113 113 113 90 90 90 90 113 113 113 113 90 90 113 113 113 113 113 135 113 113 90 135 90 90 113 90 113 90 113 113 90 113 113 90 90 90 90 90 113 90 113 113 90 113 90 
519 1119 1235 2919 1.390000 1.630000
90 90 113 113 90 90 113 90 135 113 90 90 113 113 90 113 90 90 90 90 90 113 90 135 113 113 90 113 113 113 90 135 90 90 113 113 90 90 113 90 90 135 90 90 113 113 113 90 113 113 113 90 113 113 113 113 113 90 90 90 90 113 113 113 113 90 90 113 113 113 113 113 135 113 113 90 135 90 90 113 90 113 90 113 113 90 113 113 90 90 90 90 90 113 90 113 113 90 113 90 
548 1148 1520 2948 1.940000 1.220000
68 68 68 68 68 68 68 68 68 68 68 68 68 68 68 68 68 68 68 68 68 68 68 68 68 68 68 68 68 68 68 68 68 68 68 68 68 68 68 68 68 68 68 68 68 68 68 68 68 68 68 68 68 68 68 68 68 68 68 68 68 68 68 68 68 68 68 68 68 68 68 68 68 68 68 68 68 68 68 68 68 68 68 68 68 68 68 68 68 68 68 68 68 68 68 68 68 68 68 68 
595 1195 1401 2995 1.590000 1.820000
90 90 113 113 90 90 113 90 135 113 90 90 113 113 90 113 90 90 90 90 90 113 90 135 113 113 90 113 113 113 90 135 90 90 113 113 90 90 113 90 90 135 90 90 113 113 113 90 113 113 113 90 113 113 113 113 113 90 90 90 90 113 113 113 113 90 90 113 113 113 113 113 135 113 113 90 135 90 90 113 90 113 90 113 113 90 113 113 90 90 90 90 90 113 90 113 113 90 113 90 
601 1201 1584 3001 1.020000 1.330000
68 68 68 68 68 68 68 68 68 68 68 68 68 68 68 68 68 68 68 68 68 68 68 68 68 68 68 68 68 68 68 68 68 68 68 68 68 68 68 68 68 68 68 68 68 68 68 68 68 68 68 68 68 68 68 68 68 68 68 68 68 68 68 68 68 68 68 68 68 68 68 68 68 68 68 68 68 68 68 68 68 68 68 68 68 68 68 68 68 68 68 68 68 68 68 68 68 68 68 68 
618 1218 1343 3018 1.590000 1.880000
68 68 90 68 68 68 90 68 90 68 68 68 90 68 68 68 68 68 68 68 68 68 68 90 90 68 68 68 68 68 68 90 68 68 68 90 68 68 68 68 68 90 68 68 68 90 90 68 68 68 68 68 90 68 68 90 90 68 68 68 68 68 90 90 90 68 68 68 90 90 68 68 90 90 68 68 90 68 68 90 68 68 68 68 68 68 68 68 68 68 68 68 68 68 68 68 68 68 90 68 
624 1224 1787 3024 1.620000 1.150000
90 90 113 113 90 90 113 90 135 113 90 90 113 113 90 113 90 90 90 90 90 113 90 135 113 113 90 113 113 113 90 135 90 90 113 113 90 90 113 90 90 135 90 90 113 113 113 90 113 113 113 90 113 113 113 113 113 90 90 90 90 113 113 113 113 90 90 113 113 113 113 113 135 113 113 90 135 90 90 113 90 113 90 113 113 90 113 113 90 90 90 90 90 113 90 113 113 90 113 90 
688 1288 1700 3088 1.130000 1.760000
90 90 113 113 90 90 113 90 135 113 90 90 113 113 90 113 90 90 90 90 90 113 90 135 113 113 90 113 113 113 90 135 90 90 113 113 90 90 113 90 90 135 90 90 113 113 113 90 113 113 113 90 113 113 113 113 113 90 90 90 90 113 113 113 113 90 90 113 113 113 113 113 135 113 113 90 135 90 90 113 90 113 90 113 113 90 113 113 90 90 90 90 90 113 90 113 113 90 113 90 
1013 1613 1724 3413 1.660000 1.230000
68 68 68 68 68 68 68 68 68 68 68 68 68 68 68 68 68 68 68 68 68 68 68 68 68 68 68 68 68 68 68 68 68 68 68 68 68 68 68 68 68 68 68 68 68 68 68 68 68 68 68 68 68 68 68 68 68 68 68 68 68 68 68 68 68 68 68 68 68 68 68 68 68 68 68 68 68 68 68 68 68 68 68 68 68 68 68 68 68 68 68 68 68 68 68 68 68 68 68 68 
1071 1671 1907 3471 1.610000 1.720000
68 68 90 68 68 68 90 68 90 68 68 68 90 68 68 68 68 68 68 68 68 68 68 90 90 68 68 68 68 68 68 90 68 68 68 90 68 68 68 68 68 90 68 68 68 90 90 68 68 68 68 68 90 68 68 90 90 68 68 68 68 68 90 90 90 68 68 68 90 90 68 68 90 90 68 68 90 68 68 90 68 68 68 68 68 68 68 68 68 68 68 68 68 68 68 68 68 68 90 68 
1100 1700 2234 3500 1.780000 1.020000
90 90 113 113 90 90 113 90 135 113 90 90 113 113 90 113 90 90 90 90 90 113 90 135 113 113 90 113 113 113 90 135 90 90 113 113 90 90 113 90 90 135 90 90 113 113 113 90 113 113 113 90 113 113 113 113 113 90 90 90 90 113 113 113 113 90 90 113 113 113 113 113 135 113 113 90 135 90 90 113 90 113 90 113 113 90 113 113 90 90 90 90 90 113 90 113 113 90 113 90 
1201 1801 2003 3601 1.090000 1.730000
68 68 90 68 68 68 90 68 90 68 68 68 90 68 68 68 68 68 68 68 68 68 68 90 90 68 68 68 68 68 68 90 68 68 68 90 68 68 68 68 68 90 68 68 68 90 90 68 68 68 68 68 90 68 68 90 90 68 68 68 68 68 90 90 90 68 68 68 90 90 68 68 90 90 68 68 90 68 68 90 68 68 68 68 68 68 68 68 68 68 68 68 68 68 68 68 68 68 90 68 
1467 2067 2169 3867 1.850000 1.690000
90 90 113 113 90 90 113 90 135 113 90 90 113 113 90 113 90 90 90 90 90 113 90 135 113 113 90 113 113 113 90 135 90 90 113 113 90 90 113 90 90 135 90 90 113 113 113 90 113 113 113 90 113 113 113 113 113 90 90 90 90 113 113 113 113 90 90 113 113 113 113 113 135 113 113 90 135 90 90 113 90 113 90 113 113 90 113 113 90 90 90 90 90 113 90 113 113 90 113 90 
1491 2091 2215 3891 1.890000 1.170000
90 90 113 113 90 90 113 90 135 113 90 90 113 113 90 113 90 90 90 90 90 113 90 135 113 113 90 113 113 113 90 135 90 90 113 113 90 90 113 90 90 135 90 90 113 113 113 90 113 113 113 90 113 113 113 113 113 90 90 90 90 113 113 113 113 90 90 113 113 113 113 113 135 113 113 90 135 90 90 113 90 113 90 113 113 90 113 113 90 90 90 90 90 113 90 113 113 90 113 90 
1642 2242 2781 4042 1.300000 1.080000
90 90 113 113 90 90 113 90 135 113 90 90 113 113 90 113 90 90 90 90 90 113 90 135 113 113 90 113 113 113 90 135 90 90 113 113 90 90 113 90 90 135 90 90 113 113 113 90 113 113 113 90 113 113 113 113 113 90 90 90 90 113 113 113 113 90 90 113 113 113 113 113 135 113 113 90 135 90 90 113 90 113 90 113 113 90 113 113 90 90 90 90 90 113 90 113 113 90 113 90 
1740 2340 2436 4140 1.670000 1.020000
90 90 113 113 90 90 113 90 135 113 90 90 113 113 90 113 90 90 90 90 90 113 90 135 113 113 90 113 113 113 90 135 90 90 113 113 90 90 113 90 90 135 90 90 113 113 113 90 113 113 113 90 113 113 113 113 113 90 90 90 90 113 113 113 113 90 90 113 113 113 113 113 135 113 113 90 135 90 90 113 90 113 90 113 113 90 113 113 90 90 90 90 90 113 90 113 113 90 113 90 
2019 2619 3111 4419 1.020000 1.290000
90 90 113 113 90 90 113 90 135 113 90 90 113 113 90 113 90 90 90 90 90 113 90 135 113 113 90 113 113 113 90 135 90 90 113 113 90 90 113 90 90 135 90 90 113 113 113 90 113 113 113 90 113 113 113 113 113 90 90 90 90 113 113 113 113 90 90 113 113 113 113 113 135 113 113 90 135 90 90 113 90 113 90 113 113 90 113 113 90 90 90 90 90 113 90 113 113 90 113 90 
2105 2705 2967 4505 1.260000 1.090000
68 68 90 68 68 68 90 68 90 68 68 68 90 68 68 68 68 68 68 68 68 68 68 90 90 68 68 68 68 68 68 90 68 68 68 90 68 68 68 68 68 90 68 68 68 90 90 68 68 68 68 68 90 68 68 90 90 68 68 68 68 68 90 90 90 68 68 68 90 90 68 68 90 90 68 68 90 68 68 90 68 68 68 68 68 68 68 68 68 68 68 68 68 68 68 68 68 68 90 68 
2126 2726 2971 4526 1.700000 1.500000
90 90 113 113 90 90 113 90 135 113 90 90 113 113 90 113 90 90 90 90 90 113 90 135 113 113 90 113 113 113 90 135 90 90 113 113 90 90 113 90 90 135 90 90 113 113 113 90 113 113 113 90 113 113 113 113 113 90 90 90 90 113 113 113 113 90 90 113 113 113 113 113 135 113 113 90 135 90 90 113 90 113 90 113 113 90 113 113 90 90 90 90 90 113 90 113 113 90 113 90 
2203 2803 2918 4603 1.080000 1.900000
68 68 68 68 68 68 68 68 68 68 68 68 68 68 68 68 68 68 68 68 68 68 68 68 68 68 68 68 68 68 68 68 68 68 68 68 68 68 68 68 68 68 68 68 68 68 68 68 68 68 68 68 68 68 68 68 68 68 68 68 68 68 68 68 68 68 68 68 68 68 68 68 68 68 68 68 68 68 68 68 68 68 68 68 68 68 68 68 68 68 68 68 68 68 68 68 68 68 68 68 
2282 2882 3258 4682 1.580000 1.830000
68 68 68 68 68 68 68 68 68 68 68 68 68 68 68 68 68 68 68 68 68 68 68 68 68 68 68 68 68 68 68 68 68 68 68 68 68 68 68 68 68 68 68 68 68 68 68 68 68 68 68 68 68 68 68 68 68 68 68 68 68 68 68 68 68 68 68 68 68 68 68 68 68 68 68 68 68 68 68 68 68 68 68 68 68 68 68 68 68 68 68 68 68 68 68 68 68 68 68 68 
2646 3246 3728 5046 1.080000 1.870000
68 68 90 68 68 68 90 68 90 68 68 68 90 68 68 68 68 68 68 68 68 68 68 90 90 68 68 68 68 68 68 90 68 68 68 90 68 68 68 68 68 90 68 68 68 90 90 68 68 68 68 68 90 68 68 90 90 68 68 68 68 68 90 90 90 68 68 68 90 90 68 68 90 90 68 68 90 68 68 90 68 68 68 68 68 68 68 68 68 68 68 68 68 68 68 68 68 68 90 68 
2735 3335 3468 5135 1.140000 1.290000
90 90 113 113 90 90 113 90 135 113 90 90 113 113 90 113 90 90 90 90 90 113 90 135 113 113 90 113 113 113 90 135 90 90 113 113 90 90 113 90 90 135 90 90 113 113 113 90 113 113 113 90 113 113 113 113 113 90 90 90 90 113 113 113 113 90 90 113 113 113 113 113 135 113 113 90 135 90 90 113 90 113 90 113 113 90 113 113 90 90 90 90 90 113 90 113 113 90 113 90 
2757 3357 3750 5157 1.200000 1.100000
68 68 90 68 68 68 90 68 90 68 68 68 90 68 68 68 68 68 68 68 68 68 68 90 90 68 68 68 68 68 68 90 68 68 68 90 68 68 68 68 68 90 68 68 68 90 90 68 68 68 68 68 90 68 68 90 90 68 68 68 68 68 90 90 90 68 68 68 90 90 68 68 90 90 68 68 90 68 68 90 68 68 68 68 68 68 68 68 68 68 68 68 68 68 68 68 68 68 90 68 
2768 3368 3647 5168 1.550000 1.780000
68 68 90 68 68 68 90 68 90 68 68 68 90 68 68 68 68 68 68 68 68 68 68 90 90 68 68 68 68 68 68 90 68 68 68 90 68 68 68 68 68 90 68 68 68 90 90 68 68 68 68 68 90 68 68 90 90 68 68 68 68 68 90 90 90 68 68 68 90 90 68 68 90 90 68 68 90 68 68 90 68 68 68 68 68 68 68 68 68 68 68 68 68 68 68 68 68 68 90 68 
2828 3428 3495 5228 1.200000 1.440000
68 68 90 68 68 68 90 68 90 68 68 68 90 68 68 68 68 68 68 68 68 68 68 90 90 68 68 68 68 68 68 90 68 68 68 90 68 68 68 68 68 90 68 68 68 90 90 68 68 68 68 68 90 68 68 90 90 68 68 68 68 68 90 90 90 68 68 68 90 90 68 68 90 90 68 68 90 68 68 90 68 68 68 68 68 68 68 68 68 68 68 68 68 68 68 68 68 68 90 68 
2863 3463 3579 5263 1.270000 1.740000
90 90 113 113 90 90 113 90 135 113 90 90 113 113 90 113 90 90 90 90 90 113 90 135 113 113 90 113 113 113 90 135 90 90 113 113 90 90 113 90 90 135 90 90 113 113 113 90 113 113 113 90 113 113 113 113 113 90 90 90 90 113 113 113 113 90 90 113 113 113 113 113 135 113 113 90 135 90 90 113 90 113 90 113 113 90 113 113 90 90 90 90 90 113 90 113 113 90 113 90 
2895 3495 4079 5295 1.970000 1.780000
68 68 68 68 68 68 68 68 68 68 68 68 68 68 68 68 68 68 68 68 68 68 68 68 68 68 68 68 68 68 68 68 68 68 68 68 68 68 68 68 68 68 68 68 68 68 68 68 68 68 68 68 68 68 68 68 68 68 68 68 68 68 68 68 68 68 68 68 68 68 68 68 68 68 68 68 68 68 68 68 68 68 68 68 68 68 68 68 68 68 68 68 68 68 68 68 68 68 68 68 
2944 3544 3764 5344 1.380000 1.040000
90 90 113 113 90 90 113 90 135 113 90 90 113 113 90 113 90 90 90 90 90 113 90 135 113 113 90 113 113 113 90 135 90 90 113 113 90 90 113 90 90 135 90 90 113 113 113 90 113 113 113 90 113 113 113 113 113 90 90 90 90 113 113 113 113 90 90 113 113 113 113 113 135 113 113 90 135 90 90 113 90 113 90 113 113 90 113 113 90 90 90 90 90 113 90 113 113 90 113 90 
3023 3623 3749 5423 1.660000 1.520000
90 90 113 113 90 90 113 90 135 113 90 90 113 113 90 113 90 90 90 90 90 113 90 135 113 113 90 113 113 113 90 135 90 90 113 113 90 90 113 90 90 135 90 90 113 113 113 90 113 113 113 90 113 113 113 113 113 90 90 90 90 113 113 113 113 90 90 113 113 113 113 113 135 113 113 90 135 90 90 113 90 113 90 113 113 90 113 113 90 90 90 90 90 113 90 113 113 90 113 90 
3032 3632 3854 5432 1.880000 1.990000
68 68 90 68 68 68 90 68 90 68 68 68 90 68 68 68 68 68 68 68 68 68 68 90 90 68 68 68 68 68 68 90 68 68 68 90 68 68 68 68 68 90 68 68 68 90 90 68 68 68 68 68 90 68 68 90 90 68 68 68 68 68 90 90 90 68 68 68 90 90 68 68 90 90 68 68 90 68 68 90 68 68 68 68 68 68 68 68 68 68 68 68 68 68 68 68 68 68 90 68 
3123 3723 4273 5523 1.560000 1.850000
68 68 68 68 68 68 68 68 68 68 68 68 68 68 68 68 68 68 68 68 68 68 68 68 68 68 68 68 68 68 68 68 68 68 68 68 68 68 68 68 68 68 68 68 68 68 68 68 68 68 68 68 68 68 68 68 68 68 68 68 68 68 68 68 68 68 68 68 68 68 68 68 68 68 68 68 68 68 68 68 68 68 68 68 68 68 68 68 68 68 68 68 68 68 68 68 68 68 68 68 
3590 4190 4469 5990 1.200000 1.750000
90 90 113 113 90 90 113 90 135 113 90 90 113 113 90 113 90 90 90 90 90 113 90 135 113 113 90 113 113 113 90 135 90 90 113 113 90 90 113 90 90 135 90 90 113 113 113 90 113 113 113 90 113 113 113 113 113 90 90 90 90 113 113 113 113 90 90 113 113 113 113 113 135 113 113 90 135 90 90 113 90 113 90 113 113 90 113 113 90 90 90 90 90 113 90 113 113 90 113 90 
3620 4220 4771 6020 1.940000 1.290000
90 90 113 113 90 90 113 90 135 113 90 90 113 113 90 113 90 90 90 90 90 113 90 135 113 113 90 113 113 113 90 135 90 90 113 113 90 90 113 90 90 135 90 90 113 113 113 90 113 113 113 90 113 113 113 113 113 90 90 90 90 113 113 113 113 90 90 113 113 113 113 113 135 113 113 90 135 90 90 113 90 113 90 113 113 90 113 113 90 90 90 90 90 113 90 113 113 90 113 90 
3646 4246 4836 6046 1.990000 1.840000
68 68 90 68 68 68 90 68 90 68 68 68 90 68 68 68 68 68 68 68 68 68 68 90 90 68 68 68 68 68 68 90 68 68 68 90 68 68 68 68 68 90 68 68 68 90 90 68 68 68 68 68 90 68 68 90 90 68 68 68 68 68 90 90 90 68 68 68 90 90 68 68 90 90 68 68 90 68 68 90 68 68 68 68 68 68 68 68 68 68 68 68 68 68 68 68 68 68 90 68 
3776 4376 4695 6176 1.300000 1.180000
90 90 113 113 90 90 113 90 135 113 90 90 113 113 90 113 90 90 90 90 90 113 90 135 113 113 90 113 113 113 90 135 90 90 113 113 90 90 113 90 90 135 90 90 113 113 113 90 113 113 113 90 113 113 113 113 113 90 90 90 90 113 113 113 113 90 90 113 113 113 113 113 135 113 113 90 135 90 90 113 90 113 90 113 113 90 113 113 90 90 90 90 90 113 90 113 113 90 113 90 
3883 4483 4829 6283 1.670000 1.810000
90 90 113 113 90 90 113 90 135 113 90 90 113 113 90 113 90 90 90 90 90 113 90 135 113 113 90 113 113 113 90 135 90 90 113 113 90 90 113 90 90 135 90 90 113 113 113 90 113 113 113 90 113 113 113 113 113 90 90 90 90 113 113 113 113 90 90 113 113 113 113 113 135 113 113 90 135 90 90 113 90 113 90 113 113 90 113 113 90 90 90 90 90 113 90 113 113 90 113 90 
4294 4894 5400 6694 1.300000 1.080000
68 68 68 68 68 68 68 68 68 68 68 68 68 68 68 68 68 68 68 68 68 68 68 68 68 68 68 68 68 68 68 68 68 68 68 68 68 68 68 68 68 68 68 68 68 68 68 68 68 68 68 68 68 68 68 68 68 68 68 68 68 68 68 68 68 68 68 68 68 68 68 68 68 68 68 68 68 68 68 68 68 68 68 68 68 68 68 68 68 68 68 68 68 68 68 68 68 68 68 68 
4365 4965 5536 6765 1.200000 1.750000
90 90 113 113 90 90 113 90 135 113 90 90 113 113 90 113 90 90 90 90 90 113 90 135 113 113 90 113 113 113 90 135 90 90 113 113 90 90 113 90 90 135 90 90 113 113 113 90 113 113 113 90 113 113 113 113 113 90 90 90 90 113 113 113 113 90 90 113 113 113 113 113 135 113 113 90 135 90 90 113 90 113 90 113 113 90 113 113 90 90 90 90 90 113 90 113 113 90 113 90 
4382 4982 5224 6782 1.570000 1.720000
90 90 113 113 90 90 113 90 135 113 90 90 113 113 90 113 90 90 90 90 90 113 90 135 113 113 90 113 113 113 90 135 90 90 113 113 90 90 113 90 90 135 90 90 113 113 113 90 113 113 113 90 113 113 113 113 113 90 90 90 90 113 113 113 113 90 90 113 113 113 113 113 135 113 113 90 135 90 90 113 90 113 90 113 113 90 113 113 90 90 90 90 90 113 90 113 113 90 113 90 
4421 5021 5443 6821 1.570000 1.780000
68 68 90 68 68 68 90 68 90 68 68 68 90 68 68 68 68 68 68 68 68 68 68 90 90 68 68 68 68 68 68 90 68 68 68 90 68 68 68 68 68 90 68 68 68 90 90 68 68 68 68 68 90 68 68 90 90 68 68 68 68 68 90 90 90 68 68 68 90 90 68 68 90 90 68 68 90 68 68 90 68 68 68 68 68 68 68 68 68 68 68 68 68 68 68 68 68 68 90 68 
4430 5030 5492 6830 1.220000 1.350000
68 68 68 68 68 68 68 68 68 68 68 68 68 68 68 68 68 68 68 68 68 68 68 68 68 68 68 68 68 68 68 68 68 68 68 68 68 68 68 68 68 68 68 68 68 68 68 68 68 68 68 68 68 68 68 68 68 68 68 68 68 68 68 68 68 68 68 68 68 68 68 68 68 68 68 68 68 68 68 68 68 68 68 68 68 68 68 68 68 68 68 68 68 68 68 68 68 68 68 68 
4545 5145 5373 6945 1.700000 1.080000
68 68 68 68 68 68 68 68 68 68 68 68 68 68 68 68 68 68 68 68 68 68 68 68 68 68 68 68 68 68 68 68 68 68 68 68 68 68 68 68 68 68 68 68 68 68 68 68 68 68 68 68 68 68 68 68 68 68 68 68 68 68 68 68 68 68 68 68 68 68 68 68 68 68 68 68 68 68 68 68 68 68 68 68 68 68 68 68 68 68 68 68 68 68 68 68 68 68 68 68 
4575 5175 5731 6975 1.990000 1.200000
90 90 113 113 90 90 113 90 135 113 90 90 113 113 90 113 90 90 90 90 90 113 90 135 113 113 90 113 113 113 90 135 90 90 113 113 90 90 113 90 90 135 90 90 113 113 113 90 113 113 113 90 113 113 113 113 113 90 90 90 90 113 113 113 113 90 90 113 113 113 113 113 135 113 113 90 135 90 90 113 90 113 90 113 113 90 113 113 90 90 90 90 90 113 90 113 113 90 113 90 
4614 5214 5749 7014 1.190000 1.370000
68 68 90 68 68 68 90 68 90 68 68 68 90 68 68 68 68 68 68 68 68 68 68 90 90 68 68 68 68 68 68 90 68 68 68 90 68 68 68 68 68 90 68 68 68 90 90 68 68 68 68 68 90 68 68 90 90 68 68 68 68 68 90 90 90 68 68 68 90 90 68 68 90 90 68 68 90 68 68 90 68 68 68 68 68 68 68 68 68 68 68 68 68 68 68 68 68 68 90 68 
4624 5224 5588 7024 1.130000 1.550000
68 68 90 68 68 68 90 68 90 68 68 68 90 68 68 68 68 68 68 68 68 68 68 90 90 68 68 68 68 68 68 90 68 68 68 90 68 68 68 68 68 90 68 68 68 90 90 68 68 68 68 68 90 68 68 90 90 68 68 68 68 68 90 90 90 68 68 68 90 90 68 68 90 90 68 68 90 68 68 90 68 68 68 68 68 68 68 68 68 68 68 68 68 68 68 68 68 68 90 68 
4746 5346 5636 7146 1.610000 1.920000
68 68 90 68 68 68 90 68 90 68 68 68 90 68 68 68 68 68 68 68 68 68 68 90 90 68 68 68 68 68 68 90 68 68 68 90 68 68 68 68 68 90 68 68 68 90 90 68 68 68 68 68 90 68 68 90 90 68 68 68 68 68 90 90 90 68 68 68 90 90 68 68 90 90 68 68 90 68 68 90 68 68 68 68 68 68 68 68 68 68 68 68 68 68 68 68 68 68 90 68 
4988 5588 5946 7388 1.460000 1.740000
90 90 113 113 90 90 113 90 135 113 90 90 113 113 90 113 90 90 90 90 90 113 90 135 113 113 90 113 113 113 90 135 90 90 113 113 90 90 113 90 90 135 90 90 113 113 113 90 113 113 113 90 113 113 113 113 113 90 90 90 90 113 113 113 113 90 90 113 113 113 113 113 135 113 113 90 135 90 90 113 90 113 90 113 113 90 113 113 90 90 90 90 90 113 90 113 113 90 113 90 
5091 5691 6145 7491 1.970000 1.890000
68 68 68 68 68 68 68 68 68 68 68 68 68 68 68 68 68 68 68 68 68 68 68 68 68 68 68 68 68 68 68 68 68 68 68 68 68 68 68 68 68 68 68 68 68 68 68 68 68 68 68 68 68 68 68 68 68 68 68 68 68 68 68 68 68 68 68 68 68 68 68 68 68 68 68 68 68 68 68 68 68 68 68 68 68 68 68 68 68 68 68 68 68 68 68 68 68 68 68 68 
5104 5704 6074 7504 1.750000 1.380000
68 68 90 68 68 68 90 68 90 68 68 68 90 68 68 68 68 68 68 68 68 68 68 90 90 68 68 68 68 68 68 90 68 68 68 90 68 68 68 68 68 90 68 68 68 90 90 68 68 68 68 68 90 68 68 90 90 68 68 68 68 68 90 90 90 68 68 68 90 90 68 68 90 90 68 68 90 68 68 90 68 68 68 68 68 68 68 68 68 68 68 68 68 68 68 68 68 68 90 68 
5208 5808 6223 7608 1.610000 1.200000
68 68 90 68 68 68 90 68 90 68 68 68 90 68 68 68 68 68 68 68 68 68 68 90 90 68 68 68 68 68 68 90 68 68 68 90 68 68 68 68 68 90 68 68 68 90 90 68 68 68 68 68 90 68 68 90 90 68 68 68 68 68 90 90 90 68 68 68 90 90 68 68 90 90 68 68 90 68 68 90 68 68 68 68 68 68 68 68 68 68 68 68 68 68 68 68 68 68 90 68 
5344 5944 6521 7744 1.890000 1.090000
68 68 68 68 68 68 68 68 68 68 68 68 68 68 68 68 68 68 68 68 68 68 68 68 68 68 68 68 68 68 68 68 68 68 68 68 68 68 68 68 68 68 68 68 68 68 68 68 68 68 68 68 68 68 68 68 68 68 68 68 68 68 68 68 68 68 68 68 68 68 68 68 68 68 68 68 68 68 68 68 68 68 68 68 68 68 68 68 68 68 68 68 68 68 68 68 68 68 68 68 
5381 5981 6404 7781 1.170000 1.500000
68 68 68 68 68 68 68 68 68 68 68 68 68 68 68 68 68 68 68 68 68 68 68 68 68 68 68 68 68 68 68 68 68 68 68 68 68 68 68 68 68 68 68 68 68 68 68 68 68 68 68 68 68 68 68 68 68 68 68 68 68 68 68 68 68 68 68 68 68 68 68 68 68 68 68 68 68 68 68 68 68 68 68 68 68 68 68 68 68 68 68 68 68 68 68 68 68 68 68 68 
5502 6102 6455 7902 1.470000 1.320000
90 90 113 113 90 90 113 90 135 113 90 90 113 113 90 113 90 90 90 90 90 113 90 135 113 113 90 113 113 113 90 135 90 90 113 113 90 90 113 90 90 135 90 90 113 113 113 90 113 113 113 90 113 113 113 113 113 90 90 90 90 113 113 113 113 90 90 113 113 113 113 113 135 113 113 90 135 90 90 113 90 113 90 113 113 90 113 113 90 90 90 90 90 113 90 113 113 90 113 90 
5608 6208 6344 8008 1.440000 1.870000
90 90 113 113 90 90 113 90 135 113 90 90 113 113 90 113 90 90 90 90 90 113 90 135 113 113 90 113 113 113 90 135 90 90 113 113 90 90 113 90 90 135 90 90 113 113 113 90 113 113 113 90 113 113 113 113 113 90 90 90 90 113 113 113 113 90 90 113 113 113 113 113 135 113 113 90 135 90 90 113 90 113 90 113 113 90 113 113 90 90 90 90 90 113 90 113 113 90 113 90 
5982 6582 6867 8382 1.390000 1.890000
90 90 113 113 90 90 113 90 135 113 90 90 113 113 90 113 90 90 90 90 90 113 90 135 113 113 90 113 113 113 90 135 90 90 113 113 90 90 113 90 90 135 90 90 113 113 113 90 113 113 113 90 113 113 113 113 113 90 90 90 90 113 113 113 113 90 90 113 113 113 113 113 135 113 113 90 135 90 90 113 90 113 90 113 113 90 113 113 90 90 90 90 90 113 90 113 113 90 113 90 
6242 6842 6972 8642 1.800000 1.290000
90 90 113 113 90 90 113 90 135 113 90 90 113 113 90 113 90 90 90 90 90 113 90 135 113 113 90 113 113 113 90 135 90 90 113 113 90 90 113 90 90 135 90 90 113 113 113 90 113 113 113 90 113 113 113 113 113 90 90 90 90 113 113 113 113 90 90 113 113 113 113 113 135 113 113 90 135 90 90 113 90 113 90 113 113 90 113 113 90 90 90 90 90 113 90 113 113 90 113 90 
6568 7168 7439 8968 1.800000 1.540000
68 68 90 68 68 68 90 68 90 68 68 68 90 68 68 68 68 68 68 68 68 68 68 90 90 68 68 68 68 68 68 90 68 68 68 90 68 68 68 68 68 90 68 68 68 90 90 68 68 68 68 68 90 68 68 90 90 68 68 68 68 68 90 90 90 68 68 68 90 90 68 68 90 90 68 68 90 68 68 90 68 68 68 68 68 68 68 68 68 68 68 68 68 68 68 68 68 68 90 68 
6640 7240 7635 9040 1.070000 1.460000
68 68 68 68 68 68 68 68 68 68 68 68 68 68 68 68 68 68 68 68 68 68 68 68 68 68 68 68 68 68 68 68 68 68 68 68 68 68 68 68 68 68 68 68 68 68 68 68 68 68 68 68 68 68 68 68 68 68 68 68 68 68 68 68 68 68 68 68 68 68 68 68 68 68 68 68 68 68 68 68 68 68 68 68 68 68 68 68 68 68 68 68 68 68 68 68 68 68 68 68 
6908 7508 7824 9308 1.820000 1.270000
68 68 68 68 68 68 68 68 68 68 68 68 68 68 68 68 68 68 68 68 68 68 68 68 68 68 68 68 68 68 68 68 68 68 68 68 68 68 68 68 68 68 68 68 68 68 68 68 68 68 68 68 68 68 68 68 68 68 68 68 68 68 68 68 68 68 68 68 68 68 68 68 68 68 68 68 68 68 68 68 68 68 68 68 68 68 68 68 68 68 68 68 68 68 68 68 68 68 68 68 
7032 7632 8162 9432 1.550000 1.800000
68 68 68 68 68 68 68 68 68 68 68 68 68 68 68 68 68 68 68 68 68 68 68 68 68 68 68 68 68 68 68 68 68 68 68 68 68 68 68 68 68 68 68 68 68 68 68 68 68 68 68 68 68 68 68 68 68 68 68 68 68 68 68 68 68 68 68 68 68 68 68 68 68 68 68 68 68 68 68 68 68 68 68 68 68 68 68 68 68 68 68 68 68 68 68 68 68 68 68 68 
7035 7635 8124 9435 1.490000 1.500000
90 90 113 113 90 90 113 90 135 113 90 90 113 113 90 113 90 90 90 90 90 113 90 135 113 113 90 113 113 113 90 135 90 90 113 113 90 90 113 90 90 135 90 90 113 113 113 90 113 113 113 90 113 113 113 113 113 90 90 90 90 113 113 113 113 90 90 113 113 113 113 113 135 113 113 90 135 90 90 113 90 113 90 113 113 90 113 113 90 90 90 90 90 113 90 113 113 90 113 90 
7125 7725 8080 9525 1.370000 1.510000
90 90 113 113 90 90 113 90 135 113 90 90 113 113 90 113 90 90 90 90 90 113 90 135 113 113 90 113 113 113 90 135 90 90 113 113 90 90 113 90 90 135 90 90 113 113 113 90 113 113 113 90 113 113 113 113 113 90 90 90 90 113 113 113 113 90 90 113 113 113 113 113 135 113 113 90 135 90 90 113 90 113 90 113 113 90 113 113 90 90 90 90 90 113 90 113 113 90 113 90 
7174 7774 8149 9574 1.650000 1.260000
68 68 90 68 68 68 90 68 90 68 68 68 90 68 68 68 68 68 68 68 68 68 68 90 90 68 68 68 68 68 68 90 68 68 68 90 68 68 68 68 68 90 68 68 68 90 90 68 68 68 68 68 90 68 68 90 90 68 68 68 68 68 90 90 90 68 68 68 90 90 68 68 90 90 68 68 90 68 68 90 68 68 68 68 68 68 68 68 68 68 68 68 68 68 68 68 68 68 90 68 
7471 8071 8291 9871 1.800000 1.850000
68 68 68 68 68 68 68 68 68 68 68 68 68 68 68 68 68 68 68 68 68 68 68 68 68 68 68 68 68 68 68 68 68 68 68 68 68 68 68 68 68 68 68 68 68 68 68 68 68 68 68 68 68 68 68 68 68 68 68 68 68 68 68 68 68 68 68 68 68 68 68 68 68 68 68 68 68 68 68 68 68 68 68 68 68 68 68 68 68 68 68 68 68 68 68 68 68 68 68 68 
7552 8152 8349 9952 1.730000 1.020000
68 68 68 68 68 68 68 68 68 68 68 68 68 68 68 68 68 68 68 68 68 68 68 68 68 68 68 68 68 68 68 68 68 68 68 68 68 68 68 68 68 68 68 68 68 68 68 68 68 68 68 68 68 68 68 68 68 68 68 68 68 68 68 68 68 68 68 68 68 68 68 68 68 68 68 68 68 68 68 68 68 68 68 68 68 68 68 68 68 68 68 68 68 68 68 68 68 68 68 68 
7644 8244 8715 10044 1.960000 1.530000
68 68 90 68 68 68 90 68 90 68 68 68 90 68 68 68 68 68 68 68 68 68 68 90 90 68 68 68 68 68 68 90 68 68 68 90 68 68 68 68 68 90 68 68 68 90 90 68 68 68 68 68 90 68 68 90 90 68 68 68 68 68 90 90 90 68 68 68 90 90 68 68 90 90 68 68 90 68 68 90 68 68 68 68 68 68 68 68 68 68 68 68 68 68 68 68 68 68 90 68 
7750 8350 8455 10150 1.740000 1.530000
68 68 90 68 68 68 90 68 90 68 68 68 90 68 68 68 68 68 68 68 68 68 68 90 90 68 68 68 68 68 68 90 68 68 68 90 68 68 68 68 68 90 68 68 68 90 90 68 68 68 68 68 90 68 68 90 90 68 68 68 68 68 90 90 90 68 68 68 90 90 68 68 90 90 68 68 90 68 68 90 68 68 68 68 68 68 68 68 68 68 68 68 68 68 68 68 68 68 90 68 
8023 8623 8903 10423 1.770000 1.610000
68 68 68 68 68 68 68 68 68 68 68 68 68 68 68 68 68 68 68 68 68 68 68 68 68 68 68 68 68 68 68 68 68 68 68 68 68 68 68 68 68 68 68 68 68 68 68 68 68 68 68 68 68 68 68 68 68 68 68 68 68 68 68 68 68 68 68 68 68 68 68 68 68 68 68 68 68 68 68 68 68 68 68 68 68 68 68 68 68 68 68 68 68 68 68 68 68 68 68 68 
8401 9001 9293 10801 1.540000 1.290000
68 68 68 68 68 68 68 68 68 68 68 68 68 68 68 68 68 68 68 68 68 68 68 68 68 68 68 68 68 68 68 68 68 68 68 68 68 68 68 68 68 68 68 68 68 68 68 68 68 68 68 68 68 68 68 68 68 68 68 68 68 68 68 68 68 68 68 68 68 68 68 68 68 68 68 68 68 68 68 68 68 68 68 68 68 68 68 68 68 68 68 68 68 68 68 68 68 68 68 68 
8765 9365 9508 11165 1.480000 1.650000
68 68 90 68 68 68 90 68 90 68 68 68 90 68 68 68 68 68 68 68 68 68 68 90 90 68 68 68 68 68 68 90 68 68 68 90 68 68 68 68 68 90 68 68 68 90 90 68 68 68 68 68 90 68 68 90 90 68 68 68 68 68 90 90 90 68 68 68 90 90 68 68 90 90 68 68 90 68 68 90 68 68 68 68 68 68 68 68 68 68 68 68 68 68 68 68 68 68 90 68 
8969 9569 9988 11369 1.620000 1.820000
90 90 113 113 90 90 113 90 135 113 90 90 113 113 90 113 90 90 90 90 90 113 90 135 113 113 90 113 113 113 90 135 90 90 113 113 90 90 113 90 90 135 90 90 113 113 113 90 113 113 113 90 113 113 113 113 113 90 90 90 90 113 113 113 113 90 90 113 113 113 113 113 135 113 113 90 135 90 90 113 90 113 90 113 113 90 113 113 90 90 90 90 90 113 90 113 113 90 113 90 
9030 9630 9796 11430 1.730000 1.530000
68 68 68 68 68 68 68 68 68 68 68 68 68 68 68 68 68 68 68 68 68 68 68 68 68 68 68 68 68 68 68 68 68 68 68 68 68 68 68 68 68 68 68 68 68 68 68 68 68 68 68 68 68 68 68 68 68 68 68 68 68 68 68 68 68 68 68 68 68 68 68 68 68 68 68 68 68 68 68 68 68 68 68 68 68 68 68 68 68 68 68 68 68 68 68 68 68 68 68 68 
9220 9820 10300 11620 1.760000 1.990000
90 90 113 113 90 90 113 90 135 113 90 90 113 113 90 113 90 90 90 90 90 113 90 135 113 113 90 113 113 113 90 135 90 90 113 113 90 90 113 90 90 135 90 90 113 113 113 90 113 113 113 90 113 113 113 113 113 90 90 90 90 113 113 113 113 90 90 113 113 113 113 113 135 113 113 90 135 90 90 113 90 113 90 113 113 90 113 113 90 90 90 90 90 113 90 113 113 90 113 90 
9222 9822 10108 11622 1.760000 1.830000
90 90 113 113 90 90 113 90 135 113 90 90 113 113 90 113 90 90 90 90 90 113 90 135 113 113 90 113 113 113 90 135 90 90 113 113 90 90 113 90 90 135 90 90 113 113 113 90 113 113 113 90 113 113 113 113 113 90 90 90 90 113 113 113 113 90 90 113 113 113 113 113 135 113 113 90 135 90 90 113 90 113 90 113 113 90 113 113 90 90 90 90 90 113 90 113 113 90 113 90 
9519 10119 10666 11919 1.610000 1.750000
68 68 68 68 68 68 68 68 68 68 68 68 68 68 68 68 68 68 68 68 68 68 68 68 68 68 68 68 68 68 68 68 68 68 68 68 68 68 68 68 68 68 68 68 68 68 68 68 68 68 68 68 68 68 68 68 68 68 68 68 68 68 68 68 68 68 68 68 68 68 68 68 68 68 68 68 68 68 68 68 68 68 68 68 68 68 68 68 68 68 68 68 68 68 68 68 68 68 68 68 
9552 10152 10704 11952 1.720000 1.840000
90 90 113 113 90 90 113 90 135 113 90 90 113 113 90 113 90 90 90 90 90 113 90 135 113 113 90 113 113 113 90 135 90 90 113 113 90 90 113 90 90 135 90 90 113 113 113 90 113 113 113 90 113 113 113 113 113 90 90 90 90 113 113 113 113 90 90 113 113 113 113 113 135 113 113 90 135 90 90 113 90 113 90 113 113 90 113 113 90 90 90 90 90 113 90 113 113 90 113 90 
9788 10388 10779 12188 1.970000 1.260000
68 68 90 68 68 68 90 68 90 68 68 68 90 68 68 68 68 68 68 68 68 68 68 90 90 68 68 68 68 68 68 90 68 68 68 90 68 68 68 68 68 90 68 68 68 90 90 68 68 68 68 68 90 68 68 90 90 68 68 68 68 68 90 90 90 68 68 68 90 90 68 68 90 90 68 68 90 68 68 90 68 68 68 68 68 68 68 68 68 68 68 68 68 68 68 68 68 68 90 68 
9797 10397 10944 12197 1.210000 1.960000
90 90 113 113 90 90 113 90 135 113 90 90 113 113 90 113 90 90 90 90 90 113 90 135 113 113 90 113 113 113 90 135 90 90 113 113 90 90 113 90 90 135 90 90 113 113 113 90 113 113 113 90 113 113 113 113 113 90 90 90 90 113 113 113 113 90 90 113 113 113 113 113 135 113 113 90 135 90 90 113 90 113 90 113 113 90 113 113 90 90 90 90 90 113 90 113 113 90 113 90 
9811 10411 10943 12211 1.050000 1.190000
68 68 90 68 68 68 90 68 90 68 68 68 90 68 68 68 68 68 68 68 68 68 68 90 90 68 68 68 68 68 68 90 68 68 68 90 68 68 68 68 68 90 68 68 68 90 90 68 68 68 68 68 90 68 68 90 90 68 68 68 68 68 90 90 90 68 68 68 90 90 68 68 90 90 68 68 90 68 68 90 68 68 68 68 68 68 68 68 68 68 68 68 68 68 68 68 68 68 90 68 
9844 10444 10515 12244 1.060000 1.870000
68 68 90 68 68 68 90 68 90 68 68 68 90 68 68 68 68 68 68 68 68 68 68 90 90 68 68 68 68 68 68 90 68 68 68 90 68 68 68 68 68 90 68 68 68 90 90 68 68 68 68 68 90 68 68 90 90 68 68 68 68 68 90 90 90 68 68 68 90 90 68 68 90 90 68 68 90 68 68 90 68 68 68 68 68 68 68 68 68 68 68 68 68 68 68 68 68 68 90 68 
10141 10741 11112 12541 1.740000 1.880000
90 90 113 113 90 90 113 90 135 113 90 90 113 113 90 113 90 90 90 90 90 113 90 135 113 113 90 113 113 113 90 135 90 90 113 113 90 90 113 90 90 135 90 90 113 113 113 90 113 113 113 90 113 113 113 113 113 90 90 90 90 113 113 113 113 90 90 113 113 113 113 113 135 113 113 90 135 90 90 113 90 113 90 113 113 90 113 113 90 90 90 90 90 113 90 113 113 90 113 90 
10216 10816 11288 12616 1.390000 1.630000
68 68 90 68 68 68 90 68 90 68 68 68 90 68 68 68 68 68 68 68 68 68 68 90 90 68 68 68 68 68 68 90 68 68 68 90 68 68 68 68 68 90 68 68 68 90 90 68 68 68 68 68 90 68 68 90 90 68 68 68 68 68 90 90 90 68 68 68 90 90 68 68 90 90 68 68 90 68 68 90 68 68 68 68 68 68 68 68 68 68 68 68 68 68 68 68 68 68 90 68 
10258 10858 11071 12658 1.140000 1.100000
68 68 90 68 68 68 90 68 90 68 68 68 90 68 68 68 68 68 68 68 68 68 68 90 90 68 68 68 68 68 68 90 68 68 68 90 68 68 68 68 68 90 68 68 68 90 90 68 68 68 68 68 90 68 68 90 90 68 68 68 68 68 90 90 90 68 68 68 90 90 68 68 90 90 68 68 90 68 68 90 68 68 68 68 68 68 68 68 68 68 68 68 68 68 68 68 68 68 90 68 
10330 10930 11353 12730 1.490000 1.760000
90 90 113 113 90 90 113 90 135 113 90 90 113 113 90 113 90 90 90 90 90 113 90 135 113 113 90 113 113 113 90 135 90 90 113 113 90 90 113 90 90 135 90 90 113 113 113 90 113 113 113 90 113 113 113 113 113 90 90 90 90 113 113 113 113 90 90 113 113 113 113 113 135 113 113 90 135 90 90 113 90 113 90 113 113 90 113 113 90 90 90 90 90 113 90 113 113 90 113 90 
10443 11043 11335 12843 1.910000 1.850000
90 90 113 113 90 90 113 90 135 113 90 90 113 113 90 113 90 90 90 90 90 113 90 135 113 113 90 113 113 113 90 135 90 90 113 113 90 90 113 90 90 135 90 90 113 113 113 90 113 113 113 90 113 113 113 113 113 90 90 90 90 113 113 113 113 90 90 113 113 113 113 113 135 113 113 90 135 90 90 113 90 113 90 113 113 90 113 113 90 90 90 90 90 113 90 113 113 90 113 90 
10623 11223 11428 13023 1.000000 1.500000
90 90 113 113 90 90 113 90 135 113 90 90 113 113 90 113 90 90 90 90 90 113 90 135 113 113 90 113 113 113 90 135 90 90 113 113 90 90 113 90 90 135 90 90 113 113 113 90 113 113 113 90 113 113 113 113 113 90 90 90 90 113 113 113 113 90 90 113 113 113 113 113 135 113 113 90 135 90 90 113 90 113 90 113 113 90 113 113 90 90 90 90 90 113 90 113 113 90 113 90 
10679 11279 11713 13079 1.840000 1.840000
90 90 113 113 90 90 113 90 135 113 90 90 113 113 90 113 90 90 90 90 90 113 90 135 113 113 90 113 113 113 90 135 90 90 113 113 90 90 113 90 90 135 90 90 113 113 113 90 113 113 113 90 113 113 113 113 113 90 90 90 90 113 113 113 113 90 90 113 113 113 113 113 135 113 113 90 135 90 90 113 90 113 90 113 113 90 113 113 90 90 90 90 90 113 90 113 113 90 113 90 
10970 11570 11959 13370 1.530000 1.950000
90 90 113 113 90 90 113 90 135 113 90 90 113 113 90 113 90 90 90 90 90 113 90 135 113 113 90 113 113 113 90 135 90 90 113 113 90 90 113 90 90 135 90 90 113 113 113 90 113 113 113 90 113 113 113 113 113 90 90 90 90 113 113 113 113 90 90 113 113 113 113 113 135 113 113 90 135 90 90 113 90 113 90 113 113 90 113 113 90 90 90 90 90 113 90 113 113 90 113 90 
11089 11689 12035 13489 1.020000 1.780000
68 68 90 68 68 68 90 68 90 68 68 68 90 68 68 68 68 68 68 68 68 68 68 90 90 68 68 68 68 68 68 90 68 68 68 90 68 68 68 68 68 90 68 68 68 90 90 68 68 68 68 68 90 68 68 90 90 68 68 68 68 68 90 90 90 68 68 68 90 90 68 68 90 90 68 68 90 68 68 90 68 68 68 68 68 68 68 68 68 68 68 68 68 68 68 68 68 68 90 68 
11137 11737 12031 13537 1.730000 1.060000
90 90 113 113 90 90 113 90 135 113 90 90 113 113 90 113 90 90 90 90 90 113 90 135 113 113 90 113 113 113 90 135 90 90 113 113 90 90 113 90 90 135 90 90 113 113 113 90 113 113 113 90 113 113 113 113 113 90 90 90 90 113 113 113 113 90 90 113 113 113 113 113 135 113 113 90 135 90 90 113 90 113 90 113 113 90 113 113 90 90 90 90 90 113 90 113 113 90 113 90 
11342 11942 12393 13742 1.440000 1.680000
68 68 90 68 68 68 90 68 90 68 68 68 90 68 68 68 68 68 68 68 68 68 68 90 90 68 68 68 68 68 68 90 68 68 68 90 68 68 68 68 68 90 68 68 68 90 90 68 68 68 68 68 90 68 68 90 90 68 68 68 68 68 90 90 90 68 68 68 90 90 68 68 90 90 68 68 90 68 68 90 68 68 68 68 68 68 68 68 68 68 68 68 68 68 68 68 68 68 90 68 
11524 12124 12655 13924 1.790000 1.030000
68 68 90 68 68 68 90 68 90 68 68 68 90 68 68 68 68 68 68 68 68 68 68 90 90 68 68 68 68 68 68 90 68 68 68 90 68 68 68 68 68 90 68 68 68 90 90 68 68 68 68 68 90 68 68 90 90 68 68 68 68 68 90 90 90 68 68 68 90 90 68 68 90 90 68 68 90 68 68 90 68 68 68 68 68 68 68 68 68 68 68 68 68 68 68 68 68 68 90 68 
11536 12136 12387 13936 1.990000 1.260000
90 90 113 113 90 90 113 90 135 113 90 90 113 113 90 113 90 90 90 90 90 113 90 135 113 113 90 113 113 113 90 135 90 90 113 113 90 90 113 90 90 135 90 90 113 113 113 90 113 113 113 90 113 113 113 113 113 90 90 90 90 113 113 113 113 90 90 113 113 113 113 113 135 113 113 90 135 90 90 113 90 113 90 113 113 90 113 113 90 90 90 90 90 113 90 113 113 90 113 90 
11638 12238 12550 14038 1.030000 1.840000
68 68 68 68 68 68 68 68 68 68 68 68 68 68 68 68 68 68 68 68 68 68 68 68 68 68 68 68 68 68 68 68 68 68 68 68 68 68 68 68 68 68 68 68 68 68 68 68 68 68 68 68 68 68 68 68 68 68 68 68 68 68 68 68 68 68 68 68 68 68 68 68 68 68 68 68 68 68 68 68 68 68 68 68 68 68 68 68 68 68 68 68 68 68 68 68 68 68 68 68 
11723 12323 12691 14123 1.710000 1.520000
90 90 113 113 90 90 113 90 135 113 90 90 113 113 90 113 90 90 90 90 90 113 90 135 113 113 90 113 113 113 90 135 90 90 113 113 90 90 113 90 90 135 90 90 113 113 113 90 113 113 113 90 113 113 113 113 113 90 90 90 90 113 113 113 113 90 90 113 113 113 113 113 135 113 113 90 135 90 90 113 90 113 90 113 113 90 113 113 90 90 90 90 90 113 90 113 113 90 113 90 
