150 720
1 601 1157 2401 1.160000 1.410000
68 68 68 68 68 68 68 68 68 68 68 68 68 68 68 68 68 68 68 68 68 68 68 68 68 68 68 68 68 68 68 68 68 68 68 68 68 68 68 68 68 68 68 68 68 68 68 68 68 68 68 68 68 68 68 68 68 68 68 68 68 68 68 68 68 68 68 68 68 68 68 68 68 68 68 68 68 68 68 68 68 68 68 68 68 68 68 68 68 68 68 68 68 68 68 68 68 68 68 68 68 68 68 68 68 68 68 68 68 68 68 68 68 68 68 68 68 68 68 68 68 68 68 68 68 68 68 68 68 68 68 68 68 68 68 68 68 68 68 68 68 68 68 68 68 68 68 68 68 68 
72 672 1233 2472 1.320000 1.600000
68 68 68 68 68 68 68 68 68 68 68 68 68 68 68 68 68 68 68 68 68 68 68 68 68 68 68 68 68 68 68 68 68 68 68 68 68 68 68 68 68 68 68 68 68 68 68 68 68 68 68 68 68 68 68 68 68 68 68 68 68 68 68 68 68 68 68 68 68 68 68 68 68 68 68 68 68 68 68 68 68 68 68 68 68 68 68 68 68 68 68 68 68 68 68 68 68 68 68 68 68 68 68 68 68 68 68 68 68 68 68 68 68 68 68 68 68 68 68 68 68 68 68 68 68 68 68 68 68 68 68 68 68 68 68 68 68 68 68 68 68 68 68 68 68 68 68 68 68 68 
123 723 1068 2523 1.320000 1.010000
68 68 68 68 68 68 68 68 68 68 68 68 68 68 68 68 68 68 68 68 68 68 68 68 68 68 68 68 68 68 68 68 68 68 68 68 68 68 68 68 68 68 68 68 68 68 68 68 68 68 68 68 68 68 68 68 68 68 68 68 68 68 68 68 68 68 68 68 68 68 68 68 68 68 68 68 68 68 68 68 68 68 68 68 68 68 68 68 68 68 68 68 68 68 68 68 68 68 68 68 68 68 68 68 68 68 68 68 68 68 68 68 68 68 68 68 68 68 68 68 68 68 68 68 68 68 68 68 68 68 68 68 68 68 68 68 68 68 68 68 68 68 68 68 68 68 68 68 68 68 
269 869 1181 2669 1.640000 1.640000
90 90 90 68 90 68 68 68 68 90 68 68 90 90 68 68 68 68 68 68 68 68 68 68 68 68 68 90 68 68 90 90 90 68 68 90 68 68 90 68 68 68 68 68 90 68 68 90 90 68 68 68 68 68 68 68 68 68 68 90 68 68 90 68 68 90 68 68 90 90 68 68 68 68 68 68 90 68 90 68 90 68 68 68 68 68 90 68 90 68 68 68 68 90 90 68 90 68 68 90 68 68 90 68 68 90 68 68 68 68 90 68 68 90 90 90 68 68 68 68 68 68 90 68 68 68 68 68 68 68 68 90 68 90 68 68 68 68 68 90 68 68 68 68 68 68 68 68 90 90 
290 890 1408 2690 1.420000 1.910000
68 68 68 68 68 68 68 68 68 68 68 68 68 68 68 68 68 68 68 68 68 68 68 68 68 68 68 68 68 68 68 68 68 68 68 68 68 68 68 68 68 68 68 68 68 68 68 68 68 68 68 68 68 68 68 68 68 68 68 68 68 68 68 68 68 68 68 68 68 68 68 68 68 68 68 68 68 68 68 68 68 68 68 68 68 68 68 68 68 68 68 68 68 68 68 68 68 68 68 68 68 68 68 68 68 68 68 68 68 68 68 68 68 68 68 68 68 68 68 68 68 68 68 68 68 68 68 68 68 68 68 68 68 68 68 68 68 68 68 68 68 68 68 68 68 68 68 68 68 68 
378 978 1123 2778 1.300000 1.610000
113 113 135 113 135 90 90 113 90 113 90 113 113 113 113 113 90 113 113 113 113 113 90 90 90 113 113 113 90 113 113 135 113 90 113 135 90 90 113 90 90 113 90 90 135 90 90 135 135 90 90 113 90 90 90 113 113 90 90 113 90 90 113 113 113 113 90 113 135 113 90 113 113 90 90 90 135 113 135 90 113 90 90 113 90 90 113 90 135 90 90 113 90 135 113 113 113 113 90 113 113 90 135 90 113 113 90 113 113 90 113 90 113 113 113 113 90 113 90 90 90 90 135 113 90 90 90 90 90 90 113 113 90 113 113 90 90 90 90 113 90 113 90 113 90 90 90 113 113 113 
475 1075 1337 2875 1.630000 1.510000
113 113 135 113 135 90 90 113 90 113 90 113 113 113 113 113 90 113 113 113 113 113 90 90 90 113 113 113 90 113 113 135 113 90 113 135 90 90 113 90 90 113 90 90 135 90 90 135 135 90 90 113 90 90 90 113 113 90 90 113 90 90 113 113 113 113 90 113 135 113 90 113 113 90 90 90 135 113 135 90 113 90 90 113 90 90 113 90 135 90 90 113 90 135 113 113 113 113 90 113 113 90 135 90 113 113 90 113 113 90 113 90 113 113 113 113 90 113 90 90 90 90 135 113 90 90 90 90 90 90 113 113 90 113 113 90 90 90 90 113 90 113 90 113 90 90 90 113 113 113 
481 1081 1297 2881 1.330000 1.090000
90 90 90 68 90 68 68 68 68 90 68 68 90 90 68 68 68 68 68 68 68 68 68 68 68 68 68 90 68 68 90 90 90 68 68 90 68 68 90 68 68 68 68 68 90 68 68 90 90 68 68 68 68 68 68 68 68 68 68 90 68 68 90 68 68 90 68 68 90 90 68 68 68 68 68 68 90 68 90 68 90 68 68 68 68 68 90 68 90 68 68 68 68 90 90 68 90 68 68 90 68 68 90 68 68 90 68 68 68 68 90 68 68 90 90 90 68 68 68 68 68 68 90 68 68 68 68 68 68 68 68 90 68 90 68 68 68 68 68 90 68 68 68 68 68 68 68 68 90 90 
530 1130 1276 2930 1.910000 1.640000
113 113 135 113 135 90 90 113 90 113 90 113 113 113 113 113 90 113 113 113 113 113 90 90 90 113 113 113 90 113 113 135 113 90 113 135 90 90 113 90 90 113 90 90 135 90 90 135 135 90 90 113 90 90 90 113 113 90 90 113 90 90 113 113 113 113 90 113 135 113 90 113 113 90 90 90 135 113 135 90 113 90 90 113 90 90 113 90 135 90 90 113 90 135 113 113 113 113 90 113 113 90 135 90 113 113 90 113 113 90 113 90 113 113 113 113 90 113 90 90 90 90 135 113 90 90 90 90 90 90 113 113 90 113 113 90 90 90 90 113 90 113 90 113 90 90 90 113 113 113 
548 1148 1549 2948 1.700000 1.730000
68 68 68 68 68 68 68 68 68 68 68 68 68 68 68 68 68 68 68 68 68 68 68 68 68 68 68 68 68 68 68 68 68 68 68 68 68 68 68 68 68 68 68 68 68 68 68 68 68 68 68 68 68 68 68 68 68 68 68 68 68 68 68 68 68 68 68 68 68 68 68 68 68 68 68 68 68 68 68 68 68 68 68 68 68 68 68 68 68 68 68 68 68 68 68 68 68 68 68 68 68 68 68 68 68 68 68 68 68 68 68 68 68 68 68 68 68 68 68 68 68 68 68 68 68 68 68 68 68 68 68 68 68 68 68 68 68 68 68 68 68 68 68 68 68 68 68 68 68 68 
714 1314 1742 3114 1.940000 1.160000
113 113 135 113 135 90 90 113 90 113 90 113 113 113 113 113 90 113 113 113 113 113 90 90 90 113 113 113 90 113 113 135 113 90 113 135 90 90 113 90 90 113 90 90 135 90 90 135 135 90 90 113 90 90 90 113 113 90 90 113 90 90 113 113 113 113 90 113 135 113 90 113 113 90 90 90 135 113 135 90 113 90 90 113 90 90 113 90 135 90 90 113 90 135 113 113 113 113 90 113 113 90 135 90 113 113 90 113 113 90 113 90 113 113 113 113 90 113 90 90 90 90 135 113 90 90 90 90 90 90 113 113 90 113 113 90 90 90 90 113 90 113 90 113 90 90 90 113 113 113 
728 1328 1706 3128 1.050000 1.070000
90 90 90 68 90 68 68 68 68 90 68 68 90 90 68 68 68 68 68 68 68 68 68 68 68 68 68 90 68 68 90 90 90 68 68 90 68 68 90 68 68 68 68 68 90 68 68 90 90 68 68 68 68 68 68 68 68 68 68 90 68 68 90 68 68 90 68 68 90 90 68 68 68 68 68 68 90 68 90 68 90 68 68 68 68 68 90 68 90 68 68 68 68 90 90 68 90 68 68 90 68 68 90 68 68 90 68 68 68 68 90 68 68 90 90 90 68 68 68 68 68 68 90 68 68 68 68 68 68 68 68 90 68 90 68 68 68 68 68 90 68 68 68 68 68 68 68 68 90 90 
892 1492 1832 3292 1.710000 1.000000
68 68 68 68 68 68 68 68 68 68 68 68 68 68 68 68 68 68 68 68 68 68 68 68 68 68 68 68 68 68 68 68 68 68 68 68 68 68 68 68 68 68 68 68 68 68 68 68 68 68 68 68 68 68 68 68 68 68 68 68 68 68 68 68 68 68 68 68 68 68 68 68 68 68 68 68 68 68 68 68 68 68 68 68 68 68 68 68 68 68 68 68 68 68 68 68 68 68 68 68 68 68 68 68 68 68 68 68 68 68 68 68 68 68 68 68 68 68 68 68 68 68 68 68 68 68 68 68 68 68 68 68 68 68 68 68 68 68 68 68 68 68 68 68 68 68 68 68 68 68 
1141 1741 2311 3541 1.080000 1.950000
68 68 68 68 68 68 68 68 68 68 68 68 68 68 68 68 68 68 68 68 68 68 68 68 68 68 68 68 68 68 68 68 68 68 68 68 68 68 68 68 68 68 68 68 68 68 68 68 68 68 68 68 68 68 68 68 68 68 68 68 68 68 68 68 68 68 68 68 68 68 68 68 68 68 68 68 68 68 68 68 68 68 68 68 68 68 68 68 68 68 68 68 68 68 68 68 68 68 68 68 68 68 68 68 68 68 68 68 68 68 68 68 68 68 68 68 68 68 68 68 68 68 68 68 68 68 68 68 68 68 68 68 68 68 68 68 68 68 68 68 68 68 68 68 68 68 68 68 68 68 
1216 1816 2016 3616 1.950000 1.550000
90 90 90 68 90 68 68 68 68 90 68 68 90 90 68 68 68 68 68 68 68 68 68 68 68 68 68 90 68 68 90 90 90 68 68 90 68 68 90 68 68 68 68 68 90 68 68 90 90 68 68 68 68 68 68 68 68 68 68 90 68 68 90 68 68 90 68 68 90 90 68 68 68 68 68 68 90 68 90 68 90 68 68 68 68 68 90 68 90 68 68 68 68 90 90 68 90 68 68 90 68 68 90 68 68 90 68 68 68 68 90 68 68 90 90 90 68 68 68 68 68 68 90 68 68 68 68 68 68 68 68 90 68 90 68 68 68 68 68 90 68 68 68 68 68 68 68 68 90 90 
1280 1880 2186 3680 1.320000 1.700000
90 90 90 68 90 68 68 68 68 90 68 68 90 90 68 68 68 68 68 68 68 68 68 68 68 68 68 90 68 68 90 90 90 68 68 90 68 68 90 68 68 68 68 68 90 68 68 90 90 68 68 68 68 68 68 68 68 68 68 90 68 68 90 68 68 90 68 68 90 90 68 68 68 68 68 68 90 68 90 68 90 68 68 68 68 68 90 68 90 68 68 68 68 90 90 68 90 68 68 90 68 68 90 68 68 90 68 68 68 68 90 68 68 90 90 90 68 68 68 68 68 68 90 68 68 68 68 68 68 68 68 90 68 90 68 68 68 68 68 90 68 68 68 68 68 68 68 68 90 90 
1474 2074 2274 3874 1.130000 1.090000
113 113 135 113 135 90 90 113 90 113 90 113 113 113 113 113 90 113 113 113 113 113 90 90 90 113 113 113 90 113 113 135 113 90 113 135 90 90 113 90 90 113 90 90 135 90 90 135 135 90 90 113 90 90 90 113 113 90 90 113 90 90 113 113 113 113 90 113 135 113 90 113 113 90 90 90 135 113 135 90 113 90 90 113 90 90 113 90 135 90 90 113 90 135 113 113 113 113 90 113 113 90 135 90 113 113 90 113 113 90 113 90 113 113 113 113 90 113 90 90 90 90 135 113 90 90 90 90 90 90 113 113 90 113 113 90 90 90 90 113 90 113 90 113 90 90 90 113 113 113 
1602 2202 2564 4002 1.260000 1.640000
90 90 90 68 90 68 68 68 68 90 68 68 90 90 68 68 68 68 68 68 68 68 68 68 68 68 68 90 68 68 90 90 90 68 68 90 68 68 90 68 68 68 68 68 90 68 68 90 90 68 68 68 68 68 68 68 68 68 68 90 68 68 90 68 68 90 68 68 90 90 68 68 68 68 68 68 90 68 90 68 90 68 68 68 68 68 90 68 90 68 68 68 68 90 90 68 90 68 68 90 68 68 90 68 68 90 68 68 68 68 90 68 68 90 90 90 68 68 68 68 68 68 90 68 68 68 68 68 68 68 68 90 68 90 68 68 68 68 68 90 68 68 68 68 68 68 68 68 90 90 
1674 2274 2524 4074 1.530000 2.000000
90 90 90 68 90 68 68 68 68 90 68 68 90 90 68 68 68 68 68 68 68 68 68 68 68 68 68 90 68 68 90 90 90 68 68 90 68 68 90 68 68 68 68 68 90 68 68 90 90 68 68 68 68 68 68 68 68 68 68 90 68 68 90 68 68 90 68 68 90 90 68 68 68 68 68 68 90 68 90 68 90 68 68 68 68 68 90 68 90 68 68 68 68 90 90 68 90 68 68 90 68 68 90 68 68 90 68 68 68 68 90 68 68 90 90 90 68 68 68 68 68 68 90 68 68 68 68 68 68 68 68 90 68 90 68 68 68 68 68 90 68 68 68 68 68 68 68 68 90 90 
2019 2619 3094 4419 1.320000 1.920000
90 90 90 68 90 68 68 68 68 90 68 68 90 90 68 68 68 68 68 68 68 68 68 68 68 68 68 90 68 68 90 90 90 68 68 90 68 68 90 68 68 68 68 68 90 68 68 90 90 68 68 68 68 68 68 68 68 68 68 90 68 68 90 68 68 90 68 68 90 90 68 68 68 68 68 68 90 68 90 68 90 68 68 68 68 68 90 68 90 68 68 68 68 90 90 68 90 68 68 90 68 68 90 68 68 90 68 68 68 68 90 68 68 90 90 90 68 68 68 68 68 68 90 68 68 68 68 68 68 68 68 90 68 90 68 68 68 68 68 90 68 68 68 68 68 68 68 68 90 90 
2073 2673 3268 4473 1.890000 1.040000
90 90 90 68 90 68 68 68 68 90 68 68 90 90 68 68 68 68 68 68 68 68 68 68 68 68 68 90 68 68 90 90 90 68 68 90 68 68 90 68 68 68 68 68 90 68 68 90 90 68 68 68 68 68 68 68 68 68 68 90 68 68 90 68 68 90 68 68 90 90 68 68 68 68 68 68 90 68 90 68 90 68 68 68 68 68 90 68 90 68 68 68 68 90 90 68 90 68 68 90 68 68 90 68 68 90 68 68 68 68 90 68 68 90 90 90 68 68 68 68 68 68 90 68 68 68 68 68 68 68 68 90 68 90 68 68 68 68 68 90 68 68 68 68 68 68 68 68 90 90 
2213 2813 3261 4613 1.470000 1.190000
90 90 90 68 90 68 68 68 68 90 68 68 90 90 68 68 68 68 68 68 68 68 68 68 68 68 68 90 68 68 90 90 90 68 68 90 68 68 90 68 68 68 68 68 90 68 68 90 90 68 68 68 68 68 68 68 68 68 68 90 68 68 90 68 68 90 68 68 90 90 68 68 68 68 68 68 90 68 90 68 90 68 68 68 68 68 90 68 90 68 68 68 68 90 90 68 90 68 68 90 68 68 90 68 68 90 68 68 68 68 90 68 68 90 90 90 68 68 68 68 68 68 90 68 68 68 68 68 68 68 68 90 68 90 68 68 68 68 68 90 68 68 68 68 68 68 68 68 90 90 
2226 2826 3396 4626 1.760000 1.420000
113 113 135 113 135 90 90 113 90 113 90 113 113 113 113 113 90 113 113 113 113 113 90 90 90 113 113 113 90 113 113 135 113 90 113 135 90 90 113 90 90 113 90 90 135 90 90 135 135 90 90 113 90 90 90 113 113 90 90 113 90 90 113 113 113 113 90 113 135 113 90 113 113 90 90 90 135 113 135 90 113 90 90 113 90 90 113 90 135 90 90 113 90 135 113 113 113 113 90 113 113 90 135 90 113 113 90 113 113 90 113 90 113 113 113 113 90 113 90 90 90 90 135 113 90 90 90 90 90 90 113 113 90 113 113 90 90 90 90 113 90 113 90 113 90 90 90 113 113 113 
2314 2914 3069 4714 1.070000 1.400000
113 113 135 113 135 90 90 113 90 113 90 113 113 113 113 113 90 113 113 113 113 113 90 90 90 113 113 113 90 113 113 135 113 90 113 135 90 90 113 90 90 113 90 90 135 90 90 135 135 90 90 113 90 90 90 113 113 90 90 113 90 90 113 113 113 113 90 113 135 113 90 113 113 90 90 90 135 113 135 90 113 90 90 113 90 90 113 90 135 90 90 113 90 135 113 113 113 113 90 113 113 90 135 90 113 113 90 113 113 90 113 90 113 113 113 113 90 113 90 90 90 90 135 113 90 90 90 90 90 90 113 113 90 113 113 90 90 90 90 113 90 113 90 113 90 90 90 113 113 113 
2384 2984 3536 4784 1.100000 1.170000
113 113 135 113 135 90 90 113 90 113 90 113 113 113 113 113 90 113 113 113 113 113 90 90 90 113 113 113 90 113 113 135 113 90 113 135 90 90 113 90 90 113 90 90 135 90 90 135 135 90 90 113 90 90 90 113 113 90 90 113 90 90 113 113 113 113 90 113 135 113 90 113 113 90 90 90 135 113 135 90 113 90 90 113 90 90 113 90 135 90 90 113 90 135 113 113 113 113 90 113 113 90 135 90 113 113 90 113 113 90 113 90 113 113 113 113 90 113 90 90 90 90 135 113 90 90 90 90 90 90 113 113 90 113 113 90 90 90 90 113 90 113 90 113 90 90 90 113 113 113 
2648 3248 3406 5048 1.860000 1.200000
90 90 90 68 90 68 68 68 68 90 68 68 90 90 68 68 68 68 68 68 68 68 68 68 68 68 68 90 68 68 90 90 90 68 68 90 68 68 90 68 68 68 68 68 90 68 68 90 90 68 68 68 68 68 68 68 68 68 68 90 68 68 90 68 68 90 68 68 90 90 68 68 68 68 68 68 90 68 90 68 90 68 68 68 68 68 90 68 90 68 68 68 68 90 90 68 90 68 68 90 68 68 90 68 68 90 68 68 68 68 90 68 68 90 90 90 68 68 68 68 68 68 90 68 68 68 68 68 68 68 68 90 68 90 68 68 68 68 68 90 68 68 68 68 68 68 68 68 90 90 
2878 3478 3832 5278 1.540000 1.930000
90 90 90 68 90 68 68 68 68 90 68 68 90 90 68 68 68 68 68 68 68 68 68 68 68 68 68 90 68 68 90 90 90 68 68 90 68 68 90 68 68 68 68 68 90 68 68 90 90 68 68 68 68 68 68 68 68 68 68 90 68 68 90 68 68 90 68 68 90 90 68 68 68 68 68 68 90 68 90 68 90 68 68 68 68 68 90 68 90 68 68 68 68 90 90 68 90 68 68 90 68 68 90 68 68 90 68 68 68 68 90 68 68 90 90 90 68 68 68 68 68 68 90 68 68 68 68 68 68 68 68 90 68 90 68 68 68 68 68 90 68 68 68 68 68 68 68 68 90 90 
2987 3587 3707 5387 1.590000 1.450000
68 68 68 68 68 68 68 68 68 68 68 68 68 68 68 68 68 68 68 68 68 68 68 68 68 68 68 68 68 68 68 68 68 68 68 68 68 68 68 68 68 68 68 68 68 68 68 68 68 68 68 68 68 68 68 68 68 68 68 68 68 68 68 68 68 68 68 68 68 68 68 68 68 68 68 68 68 68 68 68 68 68 68 68 68 68 68 68 68 68 68 68 68 68 68 68 68 68 68 68 68 68 68 68 68 68 68 68 68 68 68 68 68 68 68 68 68 68 68 68 68 68 68 68 68 68 68 68 68 68 68 68 68 68 68 68 68 68 68 68 68 68 68 68 68 68 68 68 68 68 
3139 3739 4301 5539 1.710000 1.290000
113 113 135 113 135 90 90 113 90 113 90 113 113 113 113 113 90 113 113 113 113 113 90 90 90 113 113 113 90 113 113 135 113 90 113 135 90 90 113 90 90 113 90 90 135 90 90 135 135 90 90 113 90 90 90 113 113 90 90 113 90 90 113 113 113 113 90 113 135 113 90 113 113 90 90 90 135 113 135 90 113 90 90 113 90 90 113 90 135 90 90 113 90 135 113 113 113 113 90 113 113 90 135 90 113 113 90 113 113 90 113 90 113 113 113 113 90 113 90 90 90 90 135 113 90 90 90 90 90 90 113 113 90 113 113 90 90 90 90 113 90 113 90 113 90 90 90 113 113 113 
3287 3887 4161 5687 1.680000 1.610000
90 90 90 68 90 68 68 68 68 90 68 68 90 90 68 68 68 68 68 68 68 68 68 68 68 68 68 90 68 68 90 90 90 68 68 90 68 68 90 68 68 68 68 68 90 68 68 90 90 68 68 68 68 68 68 68 68 68 68 90 68 68 90 68 68 90 68 68 90 90 68 68 68 68 68 68 90 68 90 68 90 68 68 68 68 68 90 68 90 68 68 68 68 90 90 68 90 68 68 90 68 68 90 68 68 90 68 68 68 68 90 68 68 90 90 90 68 68 68 68 68 68 90 68 68 68 68 68 68 68 68 90 68 90 68 68 68 68 68 90 68 68 68 68 68 68 68 68 90 90 
3340 3940 4411 5740 1.700000 1.970000
68 68 68 68 68 68 68 68 68 68 68 68 68 68 68 68 68 68 68 68 68 68 68 68 68 68 68 68 68 68 68 68 68 68 68 68 68 68 68 68 68 68 68 68 68 68 68 68 68 68 68 68 68 68 68 68 68 68 68 68 68 68 68 68 68 68 68 68 68 68 68 68 68 68 68 68 68 68 68 68 68 68 68 68 68 68 68 68 68 68 68 68 68 68 68 68 68 68 68 68 68 68 68 68 68 68 68 68 68 68 68 68 68 68 68 68 68 68 68 68 68 68 68 68 68 68 68 68 68 68 68 68 68 68 68 68 68 68 68 68 68 68 68 68 68 68 68 68 68 68 
3420 4020 4611 5820 1.790000 1.460000
68 68 68 68 68 68 68 68 68 68 68 68 68 68 68 68 68 68 68 68 68 68 68 68 68 68 68 68 68 68 68 68 68 68 68 68 68 68 68 68 68 68 68 68 68 68 68 68 68 68 68 68 68 68 68 68 68 68 68 68 68 68 68 68 68 68 68 68 68 68 68 68 68 68 68 68 68 68 68 68 68 68 68 68 68 68 68 68 68 68 68 68 68 68 68 68 68 68 68 68 68 68 68 68 68 68 68 68 68 68 68 68 68 68 68 68 68 68 68 68 68 68 68 68 68 68 68 68 68 68 68 68 68 68 68 68 68 68 68 68 68 68 68 68 68 68 68 68 68 68 
3584 4184 4410 5984 1.640000 1.330000
68 68 68 68 68 68 68 68 68 68 68 68 68 68 68 68 68 68 68 68 68 68 68 68 68 68 68 68 68 68 68 68 68 68 68 68 68 68 68 68 68 68 68 68 68 68 68 68 68 68 68 68 68 68 68 68 68 68 68 68 68 68 68 68 68 68 68 68 68 68 68 68 68 68 68 68 68 68 68 68 68 68 68 68 68 68 68 68 68 68 68 68 68 68 68 68 68 68 68 68 68 68 68 68 68 68 68 68 68 68 68 68 68 68 68 68 68 68 68 68 68 68 68 68 68 68 68 68 68 68 68 68 68 68 68 68 68 68 68 68 68 68 68 68 68 68 68 68 68 68 
3597 4197 4727 5997 1.000000 1.450000
113 113 135 113 135 90 90 113 90 113 90 113 113 113 113 113 90 113 113 113 113 113 90 90 90 113 113 113 90 113 113 135 113 90 113 135 90 90 113 90 90 113 90 90 135 90 90 135 135 90 90 113 90 90 90 113 113 90 90 113 90 90 113 113 113 113 90 113 135 113 90 113 113 90 90 90 135 113 135 90 113 90 90 113 90 90 113 90 135 90 90 113 90 135 113 113 113 113 90 113 113 90 135 90 113 113 90 113 113 90 113 90 113 113 113 113 90 113 90 90 90 90 135 113 90 90 90 90 90 90 113 113 90 113 113 90 90 90 90 113 90 113 90 113 90 90 90 113 113 113 
3650 4250 4849 6050 1.580000 1.470000
90 90 90 68 90 68 68 68 68 90 68 68 90 90 68 68 68 68 68 68 68 68 68 68 68 68 68 90 68 68 90 90 90 68 68 90 68 68 90 68 68 68 68 68 90 68 68 90 90 68 68 68 68 68 68 68 68 68 68 90 68 68 90 68 68 90 68 68 90 90 68 68 68 68 68 68 90 68 90 68 90 68 68 68 68 68 90 68 90 68 68 68 68 90 90 68 90 68 68 90 68 68 90 68 68 90 68 68 68 68 90 68 68 90 90 90 68 68 68 68 68 68 90 68 68 68 68 68 68 68 68 90 68 90 68 68 68 68 68 90 68 68 68 68 68 68 68 68 90 90 
3818 4418 4843 6218 1.390000 1.780000
68 68 68 68 68 68 68 68 68 68 68 68 68 68 68 68 68 68 68 68 68 68 68 68 68 68 68 68 68 68 68 68 68 68 68 68 68 68 68 68 68 68 68 68 68 68 68 68 68 68 68 68 68 68 68 68 68 68 68 68 68 68 68 68 68 68 68 68 68 68 68 68 68 68 68 68 68 68 68 68 68 68 68 68 68 68 68 68 68 68 68 68 68 68 68 68 68 68 68 68 68 68 68 68 68 68 68 68 68 68 68 68 68 68 68 68 68 68 68 68 68 68 68 68 68 68 68 68 68 68 68 68 68 68 68 68 68 68 68 68 68 68 68 68 68 68 68 68 68 68 
3967 4567 4804 6367 1.940000 1.180000
113 113 135 113 135 90 90 113 90 113 90 113 113 113 113 113 90 113 113 113 113 113 90 90 90 113 113 113 90 113 113 135 113 90 113 135 90 90 113 90 90 113 90 90 135 90 90 135 135 90 90 113 90 90 90 113 113 90 90 113 90 90 113 113 113 113 90 113 135 113 90 113 113 90 90 90 135 113 135 90 113 90 90 113 90 90 113 90 135 90 90 113 90 135 113 113 113 113 90 113 113 90 135 90 113 113 90 113 113 90 113 90 113 113 113 113 90 113 90 90 90 90 135 113 90 90 90 90 90 90 113 113 90 113 113 90 90 90 90 113 90 113 90 113 90 90 90 113 113 113 
4078 4678 4959 6478 1.130000 1.370000
113 113 135 113 135 90 90 113 90 113 90 113 113 113 113 113 90 113 113 113 113 113 90 90 90 113 113 113 90 113 113 135 113 90 113 135 90 90 113 90 90 113 90 90 135 90 90 135 135 90 90 113 90 90 90 113 113 90 90 113 90 90 113 113 113 113 90 113 135 113 90 113 113 90 90 90 135 113 135 90 113 90 90 113 90 90 113 90 135 90 90 113 90 135 113 113 113 113 90 113 113 90 135 90 113 113 90 113 113 90 113 90 113 113 113 113 90 113 90 90 90 90 135 113 90 90 90 90 90 90 113 113 90 113 113 90 90 90 90 113 90 113 90 113 90 90 90 113 113 113 
4344 4944 5198 6744 1.820000 1.980000
68 68 68 68 68 68 68 68 68 68 68 68 68 68 68 68 68 68 68 68 68 68 68 68 68 68 68 68 68 68 68 68 68 68 68 68 68 68 68 68 68 68 68 68 68 68 68 68 68 68 68 68 68 68 68 68 68 68 68 68 68 68 68 68 68 68 68 68 68 68 68 68 68 68 68 68 68 68 68 68 68 68 68 68 68 68 68 68 68 68 68 68 68 68 68 68 68 68 68 68 68 68 68 68 68 68 68 68 68 68 68 68 68 68 68 68 68 68 68 68 68 68 68 68 68 68 68 68 68 68 68 68 68 68 68 68 68 68 68 68 68 68 68 68 68 68 68 68 68 68 
4568 5168 5329 6968 1.320000 1.650000
113 113 135 113 135 90 90 113 90 113 90 113 113 113 113 113 90 113 113 113 113 113 90 90 90 113 113 113 90 113 113 135 113 90 113 135 90 90 113 90 90 113 90 90 135 90 90 135 135 90 90 113 90 90 90 113 113 90 90 113 90 90 113 113 113 113 90 113 135 113 90 113 113 90 90 90 135 113 135 90 113 90 90 113 90 90 113 90 135 90 90 113 90 135 113 113 113 113 90 113 113 90 135 90 113 113 90 113 113 90 113 90 113 113 113 113 90 113 90 90 90 90 135 113 90 90 90 90 90 90 113 113 90 113 113 90 90 90 90 113 90 113 90 113 90 90 90 113 113 113 
4569 5169 5378 6969 1.570000 1.930000
113 113 135 113 135 90 90 113 90 113 90 113 113 113 113 113 90 113 113 113 113 113 90 90 90 113 113 113 90 113 113 135 113 90 113 135 90 90 113 90 90 113 90 90 135 90 90 135 135 90 90 113 90 90 90 113 113 90 90 113 90 90 113 113 113 113 90 113 135 113 90 113 113 90 90 90 135 113 135 90 113 90 90 113 90 90 113 90 135 90 90 113 90 135 113 113 113 113 90 113 113 90 135 90 113 113 90 113 113 90 113 90 113 113 113 113 90 113 90 90 90 90 135 113 90 90 90 90 90 90 113 113 90 113 113 90 90 90 90 113 90 113 90 113 90 90 90 113 113 113 
4685 5285 5677 7085 1.350000 1.420000
90 90 90 68 90 68 68 68 68 90 68 68 90 90 68 68 68 68 68 68 68 68 68 68 68 68 68 90 68 68 90 90 90 68 68 90 68 68 90 68 68 68 68 68 90 68 68 90 90 68 68 68 68 68 68 68 68 68 68 90 68 68 90 68 68 90 68 68 90 90 68 68 68 68 68 68 90 68 90 68 90 68 68 68 68 68 90 68 90 68 68 68 68 90 90 68 90 68 68 90 68 68 90 68 68 90 68 68 68 68 90 68 68 90 90 90 68 68 68 68 68 68 90 68 68 68 68 68 68 68 68 90 68 90 68 68 68 68 68 90 68 68 68 68 68 68 68 68 90 90 
4735 5335 5610 7135 1.280000 1.210000
113 113 135 113 135 90 90 113 90 113 90 113 113 113 113 113 90 113 113 113 113 113 90 90 90 113 113 113 90 113 113 135 113 90 113 135 90 90 113 90 90 113 90 90 135 90 90 135 135 90 90 113 90 90 90 113 113 90 90 113 90 90 113 113 113 113 90 113 135 113 90 113 113 90 90 90 135 113 135 90 113 90 90 113 90 90 113 90 135 90 90 113 90 135 113 113 113 113 90 113 113 90 135 90 113 113 90 113 113 90 113 90 113 113 113 113 90 113 90 90 90 90 135 113 90 90 90 90 90 90 113 113 90 113 113 90 90 90 90 113 90 113 90 113 90 90 90 113 113 113 
4905 5505 5852 7305 1.060000 1.370000
113 113 135 113 135 90 90 113 90 113 90 113 113 113 113 113 90 113 113 113 113 113 90 90 90 113 113 113 90 113 113 135 113 90 113 135 90 90 113 90 90 113 90 90 135 90 90 135 135 90 90 113 90 90 90 113 113 90 90 113 90 90 113 113 113 113 90 113 135 113 90 113 113 90 90 90 135 113 135 90 113 90 90 113 90 90 113 90 135 90 90 113 90 135 113 113 113 113 90 113 113 90 135 90 113 113 90 113 113 90 113 90 113 113 113 113 90 113 90 90 90 90 135 113 90 90 90 90 90 90 113 113 90 113 113 90 90 90 90 113 90 113 90 113 90 90 90 113 113 113 
4929 5529 5866 7329 1.440000 1.770000
68 68 68 68 68 68 68 68 68 68 68 68 68 68 68 68 68 68 68 68 68 68 68 68 68 68 68 68 68 68 68 68 68 68 68 68 68 68 68 68 68 68 68 68 68 68 68 68 68 68 68 68 68 68 68 68 68 68 68 68 68 68 68 68 68 68 68 68 68 68 68 68 68 68 68 68 68 68 68 68 68 68 68 68 68 68 68 68 68 68 68 68 68 68 68 68 68 68 68 68 68 68 68 68 68 68 68 68 68 68 68 68 68 68 68 68 68 68 68 68 68 68 68 68 68 68 68 68 68 68 68 68 68 68 68 68 68 68 68 68 68 68 68 68 68 68 68 68 68 68 
5006 5606 5852 7406 1.240000 1.430000
113 113 135 113 135 90 90 113 90 113 90 113 113 113 113 113 90 113 113 113 113 113 90 90 90 113 113 113 90 113 113 135 113 90 113 135 90 90 113 90 90 113 90 90 135 90 90 135 135 90 90 113 90 90 90 113 113 90 90 113 90 90 113 113 113 113 90 113 135 113 90 113 113 90 90 90 135 113 135 90 113 90 90 113 90 90 113 90 135 90 90 113 90 135 113 113 113 113 90 113 113 90 135 90 113 113 90 113 113 90 113 90 113 113 113 113 90 113 90 90 90 90 135 113 90 90 90 90 90 90 113 113 90 113 113 90 90 90 90 113 90 113 90 113 90 90 90 113 113 113 
5142 5742 6057 7542 1.310000 1.700000
113 113 135 113 135 90 90 113 90 113 90 113 113 113 113 113 90 113 113 113 113 113 90 90 90 113 113 113 90 113 113 135 113 90 113 135 90 90 113 90 90 113 90 90 135 90 90 135 135 90 90 113 90 90 90 113 113 90 90 113 90 90 113 113 113 113 90 113 135 113 90 113 113 90 90 90 135 113 135 90 113 90 90 113 90 90 113 90 135 90 90 113 90 135 113 113 113 113 90 113 113 90 135 90 113 113 90 113 113 90 113 90 113 113 113 113 90 113 90 90 90 90 135 113 90 90 90 90 90 90 113 113 90 113 113 90 90 90 90 113 90 113 90 113 90 90 90 113 113 113 
5231 5831 5901 7631 1.420000 1.080000
68 68 68 68 68 68 68 68 68 68 68 68 68 68 68 68 68 68 68 68 68 68 68 68 68 68 68 68 68 68 68 68 68 68 68 68 68 68 68 68 68 68 68 68 68 68 68 68 68 68 68 68 68 68 68 68 68 68 68 68 68 68 68 68 68 68 68 68 68 68 68 68 68 68 68 68 68 68 68 68 68 68 68 68 68 68 68 68 68 68 68 68 68 68 68 68 68 68 68 68 68 68 68 68 68 68 68 68 68 68 68 68 68 68 68 68 68 68 68 68 68 68 68 68 68 68 68 68 68 68 68 68 68 68 68 68 68 68 68 68 68 68 68 68 68 68 68 68 68 68 
5572 6172 6661 7972 1.640000 1.970000
68 68 68 68 68 68 68 68 68 68 68 68 68 68 68 68 68 68 68 68 68 68 68 68 68 68 68 68 68 68 68 68 68 68 68 68 68 68 68 68 68 68 68 68 68 68 68 68 68 68 68 68 68 68 68 68 68 68 68 68 68 68 68 68 68 68 68 68 68 68 68 68 68 68 68 68 68 68 68 68 68 68 68 68 68 68 68 68 68 68 68 68 68 68 68 68 68 68 68 68 68 68 68 68 68 68 68 68 68 68 68 68 68 68 68 68 68 68 68 68 68 68 68 68 68 68 68 68 68 68 68 68 68 68 68 68 68 68 68 68 68 68 68 68 68 68 68 68 68 68 
5729 6329 6912 8129 1.500000 1.140000
113 113 135 113 135 90 90 113 90 113 90 113 113 113 113 113 90 113 113 113 113 113 90 90 90 113 113 113 90 113 113 135 113 90 113 135 90 90 113 90 90 113 90 90 135 90 90 135 135 90 90 113 90 90 90 113 113 90 90 113 90 90 113 113 113 113 90 113 135 113 90 113 113 90 90 90 135 113 135 90 113 90 90 113 90 90 113 90 135 90 90 113 90 135 113 113 113 113 90 113 113 90 135 90 113 113 90 113 113 90 113 90 113 113 113 113 90 113 90 90 90 90 135 113 90 90 90 90 90 90 113 113 90 113 113 90 90 90 90 113 90 113 90 113 90 90 90 113 113 113 
5898 6498 6602 8298 1.980000 1.700000
113 113 135 113 135 90 90 113 90 113 90 113 113 113 113 113 90 113 113 113 113 113 90 90 90 113 113 113 90 113 113 135 113 90 113 135 90 90 113 90 90 113 90 90 135 90 90 135 135 90 90 113 90 90 90 113 113 90 90 113 90 90 113 113 113 113 90 113 135 113 90 113 113 90 90 90 135 113 135 90 113 90 90 113 90 90 113 90 135 90 90 113 90 135 113 113 113 113 90 113 113 90 135 90 113 113 90 113 113 90 113 90 113 113 113 113 90 113 90 90 90 90 135 113 90 90 90 90 90 90 113 113 90 113 113 90 90 90 90 113 90 113 90 113 90 90 90 113 113 113 
5939 6539 6643 8339 1.930000 1.570000
90 90 90 68 90 68 68 68 68 90 68 68 90 90 68 68 68 68 68 68 68 68 68 68 68 68 68 90 68 68 90 90 90 68 68 90 68 68 90 68 68 68 68 68 90 68 68 90 90 68 68 68 68 68 68 68 68 68 68 90 68 68 90 68 68 90 68 68 90 90 68 68 68 68 68 68 90 68 90 68 90 68 68 68 68 68 90 68 90 68 68 68 68 90 90 68 90 68 68 90 68 68 90 68 68 90 68 68 68 68 90 68 68 90 90 90 68 68 68 68 68 68 90 68 68 68 68 68 68 68 68 90 68 90 68 68 68 68 68 90 68 68 68 68 68 68 68 68 90 90 
6058 6658 7030 8458 1.750000 1.390000
113 113 135 113 135 90 90 113 90 113 90 113 113 113 113 113 90 113 113 113 113 113 90 90 90 113 113 113 90 113 113 135 113 90 113 135 90 90 113 90 90 113 90 90 135 90 90 135 135 90 90 113 90 90 90 113 113 90 90 113 90 90 113 113 113 113 90 113 135 113 90 113 113 90 90 90 135 113 135 90 113 90 90 113 90 90 113 90 135 90 90 113 90 135 113 113 113 113 90 113 113 90 135 90 113 113 90 113 113 90 113 90 113 113 113 113 90 113 90 90 90 90 135 113 90 90 90 90 90 90 113 113 90 113 113 90 90 90 90 113 90 113 90 113 90 90 90 113 113 113 
6212 6812 7032 8612 1.950000 1.710000
113 113 135 113 135 90 90 113 90 113 90 113 113 113 113 113 90 113 113 113 113 113 90 90 90 113 113 113 90 113 113 135 113 90 113 135 90 90 113 90 90 113 90 90 135 90 90 135 135 90 90 113 90 90 90 113 113 90 90 113 90 90 113 113 113 113 90 113 135 113 90 113 113 90 90 90 135 113 135 90 113 90 90 113 90 90 113 90 135 90 90 113 90 135 113 113 113 113 90 113 113 90 135 90 113 113 90 113 113 90 113 90 113 113 113 113 90 113 90 90 90 90 135 113 90 90 90 90 90 90 113 113 90 113 113 90 90 90 90 113 90 113 90 113 90 90 90 113 113 113 
6372 6972 7267 8772 1.020000 1.670000
113 113 135 113 135 90 90 113 90 113 90 113 113 113 113 113 90 113 113 113 113 113 90 90 90 113 113 113 90 113 113 135 113 90 113 135 90 90 113 90 90 113 90 90 135 90 90 135 135 90 90 113 90 90 90 113 113 90 90 113 90 90 113 113 113 113 90 113 135 113 90 113 113 90 90 90 135 113 135 90 113 90 90 113 90 90 113 90 135 90 90 113 90 135 113 113 113 113 90 113 113 90 135 90 113 113 90 113 113 90 113 90 113 113 113 113 90 113 90 90 90 90 135 113 90 90 90 90 90 90 113 113 90 113 113 90 90 90 90 113 90 113 90 113 90 90 90 113 113 113 
6472 7072 7386 8872 1.040000 1.050000
90 90 90 68 90 68 68 68 68 90 68 68 90 90 68 68 68 68 68 68 68 68 68 68 68 68 68 90 68 68 90 90 90 68 68 90 68 68 90 68 68 68 68 68 90 68 68 90 90 68 68 68 68 68 68 68 68 68 68 90 68 68 90 68 68 90 68 68 90 90 68 68 68 68 68 68 90 68 90 68 90 68 68 68 68 68 90 68 90 68 68 68 68 90 90 68 90 68 68 90 68 68 90 68 68 90 68 68 68 68 90 68 68 90 90 90 68 68 68 68 68 68 90 68 68 68 68 68 68 68 68 90 68 90 68 68 68 68 68 90 68 68 68 68 68 68 68 68 90 90 
6608 7208 7542 9008 1.820000 1.380000
90 90 90 68 90 68 68 68 68 90 68 68 90 90 68 68 68 68 68 68 68 68 68 68 68 68 68 90 68 68 90 90 90 68 68 90 68 68 90 68 68 68 68 68 90 68 68 90 90 68 68 68 68 68 68 68 68 68 68 90 68 68 90 68 68 90 68 68 90 90 68 68 68 68 68 68 90 68 90 68 90 68 68 68 68 68 90 68 90 68 68 68 68 90 90 68 90 68 68 90 68 68 90 68 68 90 68 68 68 68 90 68 68 90 90 90 68 68 68 68 68 68 90 68 68 68 68 68 68 68 68 90 68 90 68 68 68 68 68 90 68 68 68 68 68 68 68 68 90 90 
6940 7540 8059 9340 1.260000 1.120000
113 113 135 113 135 90 90 113 90 113 90 113 113 113 113 113 90 113 113 113 113 113 90 90 90 113 113 113 90 113 113 135 113 90 113 135 90 90 113 90 90 113 90 90 135 90 90 135 135 90 90 113 90 90 90 113 113 90 90 113 90 90 113 113 113 113 90 113 135 113 90 113 113 90 90 90 135 113 135 90 113 90 90 113 90 90 113 90 135 90 90 113 90 135 113 113 113 113 90 113 113 90 135 90 113 113 90 113 113 90 113 90 113 113 113 113 90 113 90 90 90 90 135 113 90 90 90 90 90 90 113 113 90 113 113 90 90 90 90 113 90 113 90 113 90 90 90 113 113 113 
7057 7657 7839 9457 1.980000 1.220000
113 113 135 113 135 90 90 113 90 113 90 113 113 113 113 113 90 113 113 113 113 113 90 90 90 113 113 113 90 113 113 135 113 90 113 135 90 90 113 90 90 113 90 90 135 90 90 135 135 90 90 113 90 90 90 113 113 90 90 113 90 90 113 113 113 113 90 113 135 113 90 113 113 90 90 90 135 113 135 90 113 90 90 113 90 90 113 90 135 90 90 113 90 135 113 113 113 113 90 113 113 90 135 90 113 113 90 113 113 90 113 90 113 113 113 113 90 113 90 90 90 90 135 113 90 90 90 90 90 90 113 113 90 113 113 90 90 90 90 113 90 113 90 113 90 90 90 113 113 113 
7059 7659 8070 9459 1.710000 1.350000
68 68 68 68 68 68 68 68 68 68 68 68 68 68 68 68 68 68 68 68 68 68 68 68 68 68 68 68 68 68 68 68 68 68 68 68 68 68 68 68 68 68 68 68 68 68 68 68 68 68 68 68 68 68 68 68 68 68 68 68 68 68 68 68 68 68 68 68 68 68 68 68 68 68 68 68 68 68 68 68 68 68 68 68 68 68 68 68 68 68 68 68 68 68 68 68 68 68 68 68 68 68 68 68 68 68 68 68 68 68 68 68 68 68 68 68 68 68 68 68 68 68 68 68 68 68 68 68 68 68 68 68 68 68 68 68 68 68 68 68 68 68 68 68 68 68 68 68 68 68 
7113 7713 8162 9513 1.770000 1.320000
113 113 135 113 135 90 90 113 90 113 90 113 113 113 113 113 90 113 113 113 113 113 90 90 90 113 113 113 90 113 113 135 113 90 113 135 90 90 113 90 90 113 90 90 135 90 90 135 135 90 90 113 90 90 90 113 113 90 90 113 90 90 113 113 113 113 90 113 135 113 90 113 113 90 90 90 135 113 135 90 113 90 90 113 90 90 113 90 135 90 90 113 90 135 113 113 113 113 90 113 113 90 135 90 113 113 90 113 113 90 113 90 113 113 113 113 90 113 90 90 90 90 135 113 90 90 90 90 90 90 113 113 90 113 113 90 90 90 90 113 90 113 90 113 90 90 90 113 113 113 
7135 7735 8317 9535 1.820000 1.970000
113 113 135 113 135 90 90 113 90 113 90 113 113 113 113 113 90 113 113 113 113 113 90 90 90 113 113 113 90 113 113 135 113 90 113 135 90 90 113 90 90 113 90 90 135 90 90 135 135 90 90 113 90 90 90 113 113 90 90 113 90 90 113 113 113 113 90 113 135 113 90 113 113 90 90 90 135 113 135 90 113 90 90 113 90 90 113 90 135 90 90 113 90 135 113 113 113 113 90 113 113 90 135 90 113 113 90 113 113 90 113 90 113 113 113 113 90 113 90 90 90 90 135 113 90 90 90 90 90 90 113 113 90 113 113 90 90 90 90 113 90 113 90 113 90 90 90 113 113 113 
7216 7816 7970 9616 1.740000 1.690000
68 68 68 68 68 68 68 68 68 68 68 68 68 68 68 68 68 68 68 68 68 68 68 68 68 68 68 68 68 68 68 68 68 68 68 68 68 68 68 68 68 68 68 68 68 68 68 68 68 68 68 68 68 68 68 68 68 68 68 68 68 68 68 68 68 68 68 68 68 68 68 68 68 68 68 68 68 68 68 68 68 68 68 68 68 68 68 68 68 68 68 68 68 68 68 68 68 68 68 68 68 68 68 68 68 68 68 68 68 68 68 68 68 68 68 68 68 68 68 68 68 68 68 68 68 68 68 68 68 68 68 68 68 68 68 68 68 68 68 68 68 68 68 68 68 68 68 68 68 68 
7223 7823 7907 9623 1.480000 1.010000
90 90 90 68 90 68 68 68 68 90 68 68 90 90 68 68 68 68 68 68 68 68 68 68 68 68 68 90 68 68 90 90 90 68 68 90 68 68 90 68 68 68 68 68 90 68 68 90 90 68 68 68 68 68 68 68 68 68 68 90 68 68 90 68 68 90 68 68 90 90 68 68 68 68 68 68 90 68 90 68 90 68 68 68 68 68 90 68 90 68 68 68 68 90 90 68 90 68 68 90 68 68 90 68 68 90 68 68 68 68 90 68 68 90 90 90 68 68 68 68 68 68 90 68 68 68 68 68 68 68 68 90 68 90 68 68 68 68 68 90 68 68 68 68 68 68 68 68 90 90 
7230 7830 8348 9630 1.140000 1.370000
90 90 90 68 90 68 68 68 68 90 68 68 90 90 68 68 68 68 68 68 68 68 68 68 68 68 68 90 68 68 90 90 90 68 68 90 68 68 90 68 68 68 68 68 90 68 68 90 90 68 68 68 68 68 68 68 68 68 68 90 68 68 90 68 68 90 68 68 90 90 68 68 68 68 68 68 90 68 90 68 90 68 68 68 68 68 90 68 90 68 68 68 68 90 90 68 90 68 68 90 68 68 90 68 68 90 68 68 68 68 90 68 68 90 90 90 68 68 68 68 68 68 90 68 68 68 68 68 68 68 68 90 68 90 68 68 68 68 68 90 68 68 68 68 68 68 68 68 90 90 
7283 7883 8039 9683 1.180000 1.070000
68 68 68 68 68 68 68 68 68 68 68 68 68 68 68 68 68 68 68 68 68 68 68 68 68 68 68 68 68 68 68 68 68 68 68 68 68 68 68 68 68 68 68 68 68 68 68 68 68 68 68 68 68 68 68 68 68 68 68 68 68 68 68 68 68 68 68 68 68 68 68 68 68 68 68 68 68 68 68 68 68 68 68 68 68 68 68 68 68 68 68 68 68 68 68 68 68 68 68 68 68 68 68 68 68 68 68 68 68 68 68 68 68 68 68 68 68 68 68 68 68 68 68 68 68 68 68 68 68 68 68 68 68 68 68 68 68 68 68 68 68 68 68 68 68 68 68 68 68 68 
7341 7941 8541 9741 1.390000 1.870000
113 113 135 113 135 90 90 113 90 113 90 113 113 113 113 113 90 113 113 113 113 113 90 90 90 113 113 113 90 113 113 135 113 90 113 135 90 90 113 90 90 113 90 90 135 90 90 135 135 90 90 113 90 90 90 113 113 90 90 113 90 90 113 113 113 113 90 113 135 113 90 113 113 90 90 90 135 113 135 90 113 90 90 113 90 90 113 90 135 90 90 113 90 135 113 113 113 113 90 113 113 90 135 90 113 113 90 113 113 90 113 90 113 113 113 113 90 113 90 90 90 90 135 113 90 90 90 90 90 90 113 113 90 113 113 90 90 90 90 113 90 113 90 113 90 90 90 113 113 113 
7433 8033 8101 9833 1.460000 1.300000
90 90 90 68 90 68 68 68 68 90 68 68 90 90 68 68 68 68 68 68 68 68 68 68 68 68 68 90 68 68 90 90 90 68 68 90 68 68 90 68 68 68 68 68 90 68 68 90 90 68 68 68 68 68 68 68 68 68 68 90 68 68 90 68 68 90 68 68 90 90 68 68 68 68 68 68 90 68 90 68 90 68 68 68 68 68 90 68 90 68 68 68 68 90 90 68 90 68 68 90 68 68 90 68 68 90 68 68 68 68 90 68 68 90 90 90 68 68 68 68 68 68 90 68 68 68 68 68 68 68 68 90 68 90 68 68 68 68 68 90 68 68 68 68 68 68 68 68 90 90 
7472 8072 8437 9872 1.980000 1.780000
68 68 68 68 68 68 68 68 68 68 68 68 68 68 68 68 68 68 68 68 68 68 68 68 68 68 68 68 68 68 68 68 68 68 68 68 68 68 68 68 68 68 68 68 68 68 68 68 68 68 68 68 68 68 68 68 68 68 68 68 68 68 68 68 68 68 68 68 68 68 68 68 68 68 68 68 68 68 68 68 68 68 68 68 68 68 68 68 68 68 68 68 68 68 68 68 68 68 68 68 68 68 68 68 68 68 68 68 68 68 68 68 68 68 68 68 68 68 68 68 68 68 68 68 68 68 68 68 68 68 68 68 68 68 68 68 68 68 68 68 68 68 68 68 68 68 68 68 68 68 
7548 8148 8406 9948 1.460000 1.540000
68 68 68 68 68 68 68 68 68 68 68 68 68 68 68 68 68 68 68 68 68 68 68 68 68 68 68 68 68 68 68 68 68 68 68 68 68 68 68 68 68 68 68 68 68 68 68 68 68 68 68 68 68 68 68 68 68 68 68 68 68 68 68 68 68 68 68 68 68 68 68 68 68 68 68 68 68 68 68 68 68 68 68 68 68 68 68 68 68 68 68 68 68 68 68 68 68 68 68 68 68 68 68 68 68 68 68 68 68 68 68 68 68 68 68 68 68 68 68 68 68 68 68 68 68 68 68 68 68 68 68 68 68 68 68 68 68 68 68 68 68 68 68 68 68 68 68 68 68 68 
7669 8269 8733 10069 1.980000 1.120000
113 113 135 113 135 90 90 113 90 113 90 113 113 113 113 113 90 113 113 113 113 113 90 90 90 113 113 113 90 113 113 135 113 90 113 135 90 90 113 90 90 113 90 90 135 90 90 135 135 90 90 113 90 90 90 113 113 90 90 113 90 90 113 113 113 113 90 113 135 113 90 113 113 90 90 90 135 113 135 90 113 90 90 113 90 90 113 90 135 90 90 113 90 135 113 113 113 113 90 113 113 90 135 90 113 113 90 113 113 90 113 90 113 113 113 113 90 113 90 90 90 90 135 113 90 90 90 90 90 90 113 113 90 113 113 90 90 90 90 113 90 113 90 113 90 90 90 113 113 113 
7765 8365 8452 10165 1.180000 2.000000
90 90 90 68 90 68 68 68 68 90 68 68 90 90 68 68 68 68 68 68 68 68 68 68 68 68 68 90 68 68 90 90 90 68 68 90 68 68 90 68 68 68 68 68 90 68 68 90 90 68 68 68 68 68 68 68 68 68 68 90 68 68 90 68 68 90 68 68 90 90 68 68 68 68 68 68 90 68 90 68 90 68 68 68 68 68 90 68 90 68 68 68 68 90 90 68 90 68 68 90 68 68 90 68 68 90 68 68 68 68 90 68 68 90 90 90 68 68 68 68 68 68 90 68 68 68 68 68 68 68 68 90 68 90 68 68 68 68 68 90 68 68 68 68 68 68 68 68 90 90 
7803 8403 8551 10203 1.840000 1.090000
90 90 90 68 90 68 68 68 68 90 68 68 90 90 68 68 68 68 68 68 68 68 68 68 68 68 68 90 68 68 90 90 90 68 68 90 68 68 90 68 68 68 68 68 90 68 68 90 90 68 68 68 68 68 68 68 68 68 68 90 68 68 90 68 68 90 68 68 90 90 68 68 68 68 68 68 90 68 90 68 90 68 68 68 68 68 90 68 90 68 68 68 68 90 90 68 90 68 68 90 68 68 90 68 68 90 68 68 68 68 90 68 68 90 90 90 68 68 68 68 68 68 90 68 68 68 68 68 68 68 68 90 68 90 68 68 68 68 68 90 68 68 68 68 68 68 68 68 90 90 
7886 8486 8955 10286 1.450000 1.840000
113 113 135 113 135 90 90 113 90 113 90 113 113 113 113 113 90 113 113 113 113 113 90 90 90 113 113 113 90 113 113 135 113 90 113 135 90 90 113 90 90 113 90 90 135 90 90 135 135 90 90 113 90 90 90 113 113 90 90 113 90 90 113 113 113 113 90 113 135 113 90 113 113 90 90 90 135 113 135 90 113 90 90 113 90 90 113 90 135 90 90 113 90 135 113 113 113 113 90 113 113 90 135 90 113 113 90 113 113 90 113 90 113 113 113 113 90 113 90 90 90 90 135 113 90 90 90 90 90 90 113 113 90 113 113 90 90 90 90 113 90 113 90 113 90 90 90 113 113 113 
7934 8534 9089 10334 1.150000 1.600000
113 113 135 113 135 90 90 113 90 113 90 113 113 113 113 113 90 113 113 113 113 113 90 90 90 113 113 113 90 113 113 135 113 90 113 135 90 90 113 90 90 113 90 90 135 90 90 135 135 90 90 113 90 90 90 113 113 90 90 113 90 90 113 113 113 113 90 113 135 113 90 113 113 90 90 90 135 113 135 90 113 90 90 113 90 90 113 90 135 90 90 113 90 135 113 113 113 113 90 113 113 90 135 90 113 113 90 113 113 90 113 90 113 113 113 113 90 113 90 90 90 90 135 113 90 90 90 90 90 90 113 113 90 113 113 90 90 90 90 113 90 113 90 113 90 90 90 113 113 113 
7976 8576 8939 10376 1.870000 1.820000
113 113 135 113 135 90 90 113 90 113 90 113 113 113 113 113 90 113 113 113 113 113 90 90 90 113 113 113 90 113 113 135 113 90 113 135 90 90 113 90 90 113 90 90 135 90 90 135 135 90 90 113 90 90 90 113 113 90 90 113 90 90 113 113 113 113 90 113 135 113 90 113 113 90 90 90 135 113 135 90 113 90 90 113 90 90 113 90 135 90 90 113 90 135 113 113 113 113 90 113 113 90 135 90 113 113 90 113 113 90 113 90 113 113 113 113 90 113 90 90 90 90 135 113 90 90 90 90 90 90 113 113 90 113 113 90 90 90 90 113 90 113 90 113 90 90 90 113 113 113 
8030 8630 9169 10430 1.650000 1.710000
68 68 68 68 68 68 68 68 68 68 68 68 68 68 68 68 68 68 68 68 68 68 68 68 68 68 68 68 68 68 68 68 68 68 68 68 68 68 68 68 68 68 68 68 68 68 68 68 68 68 68 68 68 68 68 68 68 68 68 68 68 68 68 68 68 68 68 68 68 68 68 68 68 68 68 68 68 68 68 68 68 68 68 68 68 68 68 68 68 68 68 68 68 68 68 68 68 68 68 68 68 68 68 68 68 68 68 68 68 68 68 68 68 68 68 68 68 68 68 68 68 68 68 68 68 68 68 68 68 68 68 68 68 68 68 68 68 68 68 68 68 68 68 68 68 68 68 68 68 68 
8092 8692 8803 10492 1.950000 1.930000
90 90 90 68 90 68 68 68 68 90 68 68 90 90 68 68 68 68 68 68 68 68 68 68 68 68 68 90 68 68 90 90 90 68 68 90 68 68 90 68 68 68 68 68 90 68 68 90 90 68 68 68 68 68 68 68 68 68 68 90 68 68 90 68 68 90 68 68 90 90 68 68 68 68 68 68 90 68 90 68 90 68 68 68 68 68 90 68 90 68 68 68 68 90 90 68 90 68 68 90 68 68 90 68 68 90 68 68 68 68 90 68 68 90 90 90 68 68 68 68 68 68 90 68 68 68 68 68 68 68 68 90 68 90 68 68 68 68 68 90 68 68 68 68 68 68 68 68 90 90 
8180 8780 8891 10580 1.380000 1.880000
68 68 68 68 68 68 68 68 68 68 68 68 68 68 68 68 68 68 68 68 68 68 68 68 68 68 68 68 68 68 68 68 68 68 68 68 68 68 68 68 68 68 68 68 68 68 68 68 68 68 68 68 68 68 68 68 68 68 68 68 68 68 68 68 68 68 68 68 68 68 68 68 68 68 68 68 68 68 68 68 68 68 68 68 68 68 68 68 68 68 68 68 68 68 68 68 68 68 68 68 68 68 68 68 68 68 68 68 68 68 68 68 68 68 68 68 68 68 68 68 68 68 68 68 68 68 68 68 68 68 68 68 68 68 68 68 68 68 68 68 68 68 68 68 68 68 68 68 68 68 
8311 8911 9231 10711 1.070000 1.090000
113 113 135 113 135 90 90 113 90 113 90 113 113 113 113 113 90 113 113 113 113 113 90 90 90 113 113 113 90 113 113 135 113 90 113 135 90 90 113 90 90 113 90 90 135 90 90 135 135 90 90 113 90 90 90 113 113 90 90 113 90 90 113 113 113 113 90 113 135 113 90 113 113 90 90 90 135 113 135 90 113 90 90 113 90 90 113 90 135 90 90 113 90 135 113 113 113 113 90 113 113 90 135 90 113 113 90 113 113 90 113 90 113 113 113 113 90 113 90 90 90 90 135 113 90 90 90 90 90 90 113 113 90 113 113 90 90 90 90 113 90 113 90 113 90 90 90 113 113 113 
8390 8990 9271 10790 1.400000 1.990000
68 68 68 68 68 68 68 68 68 68 68 68 68 68 68 68 68 68 68 68 68 68 68 68 68 68 68 68 68 68 68 68 68 68 68 68 68 68 68 68 68 68 68 68 68 68 68 68 68 68 68 68 68 68 68 68 68 68 68 68 68 68 68 68 68 68 68 68 68 68 68 68 68 68 68 68 68 68 68 68 68 68 68 68 68 68 68 68 68 68 68 68 68 68 68 68 68 68 68 68 68 68 68 68 68 68 68 68 68 68 68 68 68 68 68 68 68 68 68 68 68 68 68 68 68 68 68 68 68 68 68 68 68 68 68 68 68 68 68 68 68 68 68 68 68 68 68 68 68 68 
8404 9004 9362 10804 1.540000 1.710000
113 113 135 113 135 90 90 113 90 113 90 113 113 113 113 113 90 113 113 113 113 113 90 90 90 113 113 113 90 113 113 135 113 90 113 135 90 90 113 90 90 113 90 90 135 90 90 135 135 90 90 113 90 90 90 113 113 90 90 113 90 90 113 113 113 113 90 113 135 113 90 113 113 90 90 90 135 113 135 90 113 90 90 113 90 90 113 90 135 90 90 113 90 135 113 113 113 113 90 113 113 90 135 90 113 113 90 113 113 90 113 90 113 113 113 113 90 113 90 90 90 90 135 113 90 90 90 90 90 90 113 113 90 113 113 90 90 90 90 113 90 113 90 113 90 90 90 113 113 113 
8705 9305 9722 11105 1.450000 1.820000
113 113 135 113 135 90 90 113 90 113 90 113 113 113 113 113 90 113 113 113 113 113 90 90 90 113 113 113 90 113 113 135 113 90 113 135 90 90 113 90 90 113 90 90 135 90 90 135 135 90 90 113 90 90 90 113 113 90 90 113 90 90 113 113 113 113 90 113 135 113 90 113 113 90 90 90 135 113 135 90 113 90 90 113 90 90 113 90 135 90 90 113 90 135 113 113 113 113 90 113 113 90 135 90 113 113 90 113 113 90 113 90 113 113 113 113 90 113 90 90 90 90 135 113 90 90 90 90 90 90 113 113 90 113 113 90 90 90 90 113 90 113 90 113 90 90 90 113 113 113 
9305 9905 9997 11705 1.390000 1.720000
90 90 90 68 90 68 68 68 68 90 68 68 90 90 68 68 68 68 68 68 68 68 68 68 68 68 68 90 68 68 90 90 90 68 68 90 68 68 90 68 68 68 68 68 90 68 68 90 90 68 68 68 68 68 68 68 68 68 68 90 68 68 90 68 68 90 68 68 90 90 68 68 68 68 68 68 90 68 90 68 90 68 68 68 68 68 90 68 90 68 68 68 68 90 90 68 90 68 68 90 68 68 90 68 68 90 68 68 68 68 90 68 68 90 90 90 68 68 68 68 68 68 90 68 68 68 68 68 68 68 68 90 68 90 68 68 68 68 68 90 68 68 68 68 68 68 68 68 90 90 
9375 9975 10252 11775 1.460000 1.530000
113 113 135 113 135 90 90 113 90 113 90 113 113 113 113 113 90 113 113 113 113 113 90 90 90 113 113 113 90 113 113 135 113 90 113 135 90 90 113 90 90 113 90 90 135 90 90 135 135 90 90 113 90 90 90 113 113 90 90 113 90 90 113 113 113 113 90 113 135 113 90 113 113 90 90 90 135 113 135 90 113 90 90 113 90 90 113 90 135 90 90 113 90 135 113 113 113 113 90 113 113 90 135 90 113 113 90 113 113 90 113 90 113 113 113 113 90 113 90 90 90 90 135 113 90 90 90 90 90 90 113 113 90 113 113 90 90 90 90 113 90 113 90 113 90 90 90 113 113 113 
10188 10788 10995 12588 1.690000 1.930000
113 113 135 113 135 90 90 113 90 113 90 113 113 113 113 113 90 113 113 113 113 113 90 90 90 113 113 113 90 113 113 135 113 90 113 135 90 90 113 90 90 113 90 90 135 90 90 135 135 90 90 113 90 90 90 113 113 90 90 113 90 90 113 113 113 113 90 113 135 113 90 113 113 90 90 90 135 113 135 90 113 90 90 113 90 90 113 90 135 90 90 113 90 135 113 113 113 113 90 113 113 90 135 90 113 113 90 113 113 90 113 90 113 113 113 113 90 113 90 90 90 90 135 113 90 90 90 90 90 90 113 113 90 113 113 90 90 90 90 113 90 113 90 113 90 90 90 113 113 113 
10204 10804 11104 12604 1.280000 1.430000
68 68 68 68 68 68 68 68 68 68 68 68 68 68 68 68 68 68 68 68 68 68 68 68 68 68 68 68 68 68 68 68 68 68 68 68 68 68 68 68 68 68 68 68 68 68 68 68 68 68 68 68 68 68 68 68 68 68 68 68 68 68 68 68 68 68 68 68 68 68 68 68 68 68 68 68 68 68 68 68 68 68 68 68 68 68 68 68 68 68 68 68 68 68 68 68 68 68 68 68 68 68 68 68 68 68 68 68 68 68 68 68 68 68 68 68 68 68 68 68 68 68 68 68 68 68 68 68 68 68 68 68 68 68 68 68 68 68 68 68 68 68 68 68 68 68 68 68 68 68 
10529 11129 11513 12929 1.330000 1.870000
113 113 135 113 135 90 90 113 90 113 90 113 113 113 113 113 90 113 113 113 113 113 90 90 90 113 113 113 90 113 113 135 113 90 113 135 90 90 113 90 90 113 90 90 135 90 90 135 135 90 90 113 90 90 90 113 113 90 90 113 90 90 113 113 113 113 90 113 135 113 90 113 113 90 90 90 135 113 135 90 113 90 90 113 90 90 113 90 135 90 90 113 90 135 113 113 113 113 90 113 113 90 135 90 113 113 90 113 113 90 113 90 113 113 113 113 90 113 90 90 90 90 135 113 90 90 90 90 90 90 113 113 90 113 113 90 90 90 90 113 90 113 90 113 90 90 90 113 113 113 
10529 11129 11523 12929 1.010000 1.490000
68 68 68 68 68 68 68 68 68 68 68 68 68 68 68 68 68 68 68 68 68 68 68 68 68 68 68 68 68 68 68 68 68 68 68 68 68 68 68 68 68 68 68 68 68 68 68 68 68 68 68 68 68 68 68 68 68 68 68 68 68 68 68 68 68 68 68 68 68 68 68 68 68 68 68 68 68 68 68 68 68 68 68 68 68 68 68 68 68 68 68 68 68 68 68 68 68 68 68 68 68 68 68 68 68 68 68 68 68 68 68 68 68 68 68 68 68 68 68 68 68 68 68 68 68 68 68 68 68 68 68 68 68 68 68 68 68 68 68 68 68 68 68 68 68 68 68 68 68 68 
10827 11427 12019 13227 1.890000 1.940000
113 113 135 113 135 90 90 113 90 113 90 113 113 113 113 113 90 113 113 113 113 113 90 90 90 113 113 113 90 113 113 135 113 90 113 135 90 90 113 90 90 113 90 90 135 90 90 135 135 90 90 113 90 90 90 113 113 90 90 113 90 90 113 113 113 113 90 113 135 113 90 113 113 90 90 90 135 113 135 90 113 90 90 113 90 90 113 90 135 90 90 113 90 135 113 113 113 113 90 113 113 90 135 90 113 113 90 113 113 90 113 90 113 113 113 113 90 113 90 90 90 90 135 113 90 90 90 90 90 90 113 113 90 113 113 90 90 90 90 113 90 113 90 113 90 90 90 113 113 113 
10957 11557 12133 13357 1.390000 1.220000
113 113 135 113 135 90 90 113 90 113 90 113 113 113 113 113 90 113 113 113 113 113 90 90 90 113 113 113 90 113 113 135 113 90 113 135 90 90 113 90 90 113 90 90 135 90 90 135 135 90 90 113 90 90 90 113 113 90 90 113 90 90 113 113 113 113 90 113 135 113 90 113 113 90 90 90 135 113 135 90 113 90 90 113 90 90 113 90 135 90 90 113 90 135 113 113 113 113 90 113 113 90 135 90 113 113 90 113 113 90 113 90 113 113 113 113 90 113 90 90 90 90 135 113 90 90 90 90 90 90 113 113 90 113 113 90 90 90 90 113 90 113 90 113 90 90 90 113 113 113 
11303 11903 12432 13703 1.740000 1.890000
90 90 90 68 90 68 68 68 68 90 68 68 90 90 68 68 68 68 68 68 68 68 68 68 68 68 68 90 68 68 90 90 90 68 68 90 68 68 90 68 68 68 68 68 90 68 68 90 90 68 68 68 68 68 68 68 68 68 68 90 68 68 90 68 68 90 68 68 90 90 68 68 68 68 68 68 90 68 90 68 90 68 68 68 68 68 90 68 90 68 68 68 68 90 90 68 90 68 68 90 68 68 90 68 68 90 68 68 68 68 90 68 68 90 90 90 68 68 68 68 68 68 90 68 68 68 68 68 68 68 68 90 68 90 68 68 68 68 68 90 68 68 68 68 68 68 68 68 90 90 
11411 12011 12515 13811 1.320000 1.870000
113 113 135 113 135 90 90 113 90 113 90 113 113 113 113 113 90 113 113 113 113 113 90 90 90 113 113 113 90 113 113 135 113 90 113 135 90 90 113 90 90 113 90 90 135 90 90 135 135 90 90 113 90 90 90 113 113 90 90 113 90 90 113 113 113 113 90 113 135 113 90 113 113 90 90 90 135 113 135 90 113 90 90 113 90 90 113 90 135 90 90 113 90 135 113 113 113 113 90 113 113 90 135 90 113 113 90 113 113 90 113 90 113 113 113 113 90 113 90 90 90 90 135 113 90 90 90 90 90 90 113 113 90 113 113 90 90 90 90 113 90 113 90 113 90 90 90 113 113 113 
11623 12223 12599 14023 1.430000 1.640000
68 68 68 68 68 68 68 68 68 68 68 68 68 68 68 68 68 68 68 68 68 68 68 68 68 68 68 68 68 68 68 68 68 68 68 68 68 68 68 68 68 68 68 68 68 68 68 68 68 68 68 68 68 68 68 68 68 68 68 68 68 68 68 68 68 68 68 68 68 68 68 68 68 68 68 68 68 68 68 68 68 68 68 68 68 68 68 68 68 68 68 68 68 68 68 68 68 68 68 68 68 68 68 68 68 68 68 68 68 68 68 68 68 68 68 68 68 68 68 68 68 68 68 68 68 68 68 68 68 68 68 68 68 68 68 68 68 68 68 68 68 68 68 68 68 68 68 68 68 68 
11782 12382 12469 14182 1.210000 1.990000
68 68 68 68 68 68 68 68 68 68 68 68 68 68 68 68 68 68 68 68 68 68 68 68 68 68 68 68 68 68 68 68 68 68 68 68 68 68 68 68 68 68 68 68 68 68 68 68 68 68 68 68 68 68 68 68 68 68 68 68 68 68 68 68 68 68 68 68 68 68 68 68 68 68 68 68 68 68 68 68 68 68 68 68 68 68 68 68 68 68 68 68 68 68 68 68 68 68 68 68 68 68 68 68 68 68 68 68 68 68 68 68 68 68 68 68 68 68 68 68 68 68 68 68 68 68 68 68 68 68 68 68 68 68 68 68 68 68 68 68 68 68 68 68 68 68 68 68 68 68 
12064 12664 12909 14464 1.850000 1.030000
90 90 90 68 90 68 68 68 68 90 68 68 90 90 68 68 68 68 68 68 68 68 68 68 68 68 68 90 68 68 90 90 90 68 68 90 68 68 90 68 68 68 68 68 90 68 68 90 90 68 68 68 68 68 68 68 68 68 68 90 68 68 90 68 68 90 68 68 90 90 68 68 68 68 68 68 90 68 90 68 90 68 68 68 68 68 90 68 90 68 68 68 68 90 90 68 90 68 68 90 68 68 90 68 68 90 68 68 68 68 90 68 68 90 90 90 68 68 68 68 68 68 90 68 68 68 68 68 68 68 68 90 68 90 68 68 68 68 68 90 68 68 68 68 68 68 68 68 90 90 
12352 12952 13309 14752 1.630000 1.640000
68 68 68 68 68 68 68 68 68 68 68 68 68 68 68 68 68 68 68 68 68 68 68 68 68 68 68 68 68 68 68 68 68 68 68 68 68 68 68 68 68 68 68 68 68 68 68 68 68 68 68 68 68 68 68 68 68 68 68 68 68 68 68 68 68 68 68 68 68 68 68 68 68 68 68 68 68 68 68 68 68 68 68 68 68 68 68 68 68 68 68 68 68 68 68 68 68 68 68 68 68 68 68 68 68 68 68 68 68 68 68 68 68 68 68 68 68 68 68 68 68 68 68 68 68 68 68 68 68 68 68 68 68 68 68 68 68 68 68 68 68 68 68 68 68 68 68 68 68 68 
12369 12969 13203 14769 1.710000 1.700000
90 90 90 68 90 68 68 68 68 90 68 68 90 90 68 68 68 68 68 68 68 68 68 68 68 68 68 90 68 68 90 90 90 68 68 90 68 68 90 68 68 68 68 68 90 68 68 90 90 68 68 68 68 68 68 68 68 68 68 90 68 68 90 68 68 90 68 68 90 90 68 68 68 68 68 68 90 68 90 68 90 68 68 68 68 68 90 68 90 68 68 68 68 90 90 68 90 68 68 90 68 68 90 68 68 90 68 68 68 68 90 68 68 90 90 90 68 68 68 68 68 68 90 68 68 68 68 68 68 68 68 90 68 90 68 68 68 68 68 90 68 68 68 68 68 68 68 68 90 90 
12509 13109 13483 14909 1.950000 1.220000
113 113 135 113 135 90 90 113 90 113 90 113 113 113 113 113 90 113 113 113 113 113 90 90 90 113 113 113 90 113 113 135 113 90 113 135 90 90 113 90 90 113 90 90 135 90 90 135 135 90 90 113 90 90 90 113 113 90 90 113 90 90 113 113 113 113 90 113 135 113 90 113 113 90 90 90 135 113 135 90 113 90 90 113 90 90 113 90 135 90 90 113 90 135 113 113 113 113 90 113 113 90 135 90 113 113 90 113 113 90 113 90 113 113 113 113 90 113 90 90 90 90 135 113 90 90 90 90 90 90 113 113 90 113 113 90 90 90 90 113 90 113 90 113 90 90 90 113 113 113 
12577 13177 13617 14977 1.530000 1.070000
68 68 68 68 68 68 68 68 68 68 68 68 68 68 68 68 68 68 68 68 68 68 68 68 68 68 68 68 68 68 68 68 68 68 68 68 68 68 68 68 68 68 68 68 68 68 68 68 68 68 68 68 68 68 68 68 68 68 68 68 68 68 68 68 68 68 68 68 68 68 68 68 68 68 68 68 68 68 68 68 68 68 68 68 68 68 68 68 68 68 68 68 68 68 68 68 68 68 68 68 68 68 68 68 68 68 68 68 68 68 68 68 68 68 68 68 68 68 68 68 68 68 68 68 68 68 68 68 68 68 68 68 68 68 68 68 68 68 68 68 68 68 68 68 68 68 68 68 68 68 
12596 13196 13547 14996 1.570000 1.960000
90 90 90 68 90 68 68 68 68 90 68 68 90 90 68 68 68 68 68 68 68 68 68 68 68 68 68 90 68 68 90 90 90 68 68 90 68 68 90 68 68 68 68 68 90 68 68 90 90 68 68 68 68 68 68 68 68 68 68 90 68 68 90 68 68 90 68 68 90 90 68 68 68 68 68 68 90 68 90 68 90 68 68 68 68 68 90 68 90 68 68 68 68 90 90 68 90 68 68 90 68 68 90 68 68 90 68 68 68 68 90 68 68 90 90 90 68 68 68 68 68 68 90 68 68 68 68 68 68 68 68 90 68 90 68 68 68 68 68 90 68 68 68 68 68 68 68 68 90 90 
12608 13208 13611 15008 1.050000 1.090000
113 113 135 113 135 90 90 113 90 113 90 113 113 113 113 113 90 113 113 113 113 113 90 90 90 113 113 113 90 113 113 135 113 90 113 135 90 90 113 90 90 113 90 90 135 90 90 135 135 90 90 113 90 90 90 113 113 90 90 113 90 90 113 113 113 113 90 113 135 113 90 113 113 90 90 90 135 113 135 90 113 90 90 113 90 90 113 90 135 90 90 113 90 135 113 113 113 113 90 113 113 90 135 90 113 113 90 113 113 90 113 90 113 113 113 113 90 113 90 90 90 90 135 113 90 90 90 90 90 90 113 113 90 113 113 90 90 90 90 113 90 113 90 113 90 90 90 113 113 113 
12655 13255 13502 15055 1.970000 1.910000
68 68 68 68 68 68 68 68 68 68 68 68 68 68 68 68 68 68 68 68 68 68 68 68 68 68 68 68 68 68 68 68 68 68 68 68 68 68 68 68 68 68 68 68 68 68 68 68 68 68 68 68 68 68 68 68 68 68 68 68 68 68 68 68 68 68 68 68 68 68 68 68 68 68 68 68 68 68 68 68 68 68 68 68 68 68 68 68 68 68 68 68 68 68 68 68 68 68 68 68 68 68 68 68 68 68 68 68 68 68 68 68 68 68 68 68 68 68 68 68 68 68 68 68 68 68 68 68 68 68 68 68 68 68 68 68 68 68 68 68 68 68 68 68 68 68 68 68 68 68 
12856 13456 13745 15256 1.490000 1.890000
113 113 135 113 135 90 90 113 90 113 90 113 113 113 113 113 90 113 113 113 113 113 90 90 90 113 113 113 90 113 113 135 113 90 113 135 90 90 113 90 90 113 90 90 135 90 90 135 135 90 90 113 90 90 90 113 113 90 90 113 90 90 113 113 113 113 90 113 135 113 90 113 113 90 90 90 135 113 135 90 113 90 90 113 90 90 113 90 135 90 90 113 90 135 113 113 113 113 90 113 113 90 135 90 113 113 90 113 113 90 113 90 113 113 113 113 90 113 90 90 90 90 135 113 90 90 90 90 90 90 113 113 90 113 113 90 90 90 90 113 90 113 90 113 90 90 90 113 113 113 
12861 13461 13809 15261 1.000000 1.150000
90 90 90 68 90 68 68 68 68 90 68 68 90 90 68 68 68 68 68 68 68 68 68 68 68 68 68 90 68 68 90 90 90 68 68 90 68 68 90 68 68 68 68 68 90 68 68 90 90 68 68 68 68 68 68 68 68 68 68 90 68 68 90 68 68 90 68 68 90 90 68 68 68 68 68 68 90 68 90 68 90 68 68 68 68 68 90 68 90 68 68 68 68 90 90 68 90 68 68 90 68 68 90 68 68 90 68 68 68 68 90 68 68 90 90 90 68 68 68 68 68 68 90 68 68 68 68 68 68 68 68 90 68 90 68 68 68 68 68 90 68 68 68 68 68 68 68 68 90 90 
12932 13532 13837 15332 1.230000 1.980000
68 68 68 68 68 68 68 68 68 68 68 68 68 68 68 68 68 68 68 68 68 68 68 68 68 68 68 68 68 68 68 68 68 68 68 68 68 68 68 68 68 68 68 68 68 68 68 68 68 68 68 68 68 68 68 68 68 68 68 68 68 68 68 68 68 68 68 68 68 68 68 68 68 68 68 68 68 68 68 68 68 68 68 68 68 68 68 68 68 68 68 68 68 68 68 68 68 68 68 68 68 68 68 68 68 68 68 68 68 68 68 68 68 68 68 68 68 68 68 68 68 68 68 68 68 68 68 68 68 68 68 68 68 68 68 68 68 68 68 68 68 68 68 68 68 68 68 68 68 68 
12962 13562 14155 15362 1.920000 1.280000
113 113 135 113 135 90 90 113 90 113 90 113 113 113 113 113 90 113 113 113 113 113 90 90 90 113 113 113 90 113 113 135 113 90 113 135 90 90 113 90 90 113 90 90 135 90 90 135 135 90 90 113 90 90 90 113 113 90 90 113 90 90 113 113 113 113 90 113 135 113 90 113 113 90 90 90 135 113 135 90 113 90 90 113 90 90 113 90 135 90 90 113 90 135 113 113 113 113 90 113 113 90 135 90 113 113 90 113 113 90 113 90 113 113 113 113 90 113 90 90 90 90 135 113 90 90 90 90 90 90 113 113 90 113 113 90 90 90 90 113 90 113 90 113 90 90 90 113 113 113 
13003 13603 13963 15403 1.060000 1.780000
90 90 90 68 90 68 68 68 68 90 68 68 90 90 68 68 68 68 68 68 68 68 68 68 68 68 68 90 68 68 90 90 90 68 68 90 68 68 90 68 68 68 68 68 90 68 68 90 90 68 68 68 68 68 68 68 68 68 68 90 68 68 90 68 68 90 68 68 90 90 68 68 68 68 68 68 90 68 90 68 90 68 68 68 68 68 90 68 90 68 68 68 68 90 90 68 90 68 68 90 68 68 90 68 68 90 68 68 68 68 90 68 68 90 90 90 68 68 68 68 68 68 90 68 68 68 68 68 68 68 68 90 68 90 68 68 68 68 68 90 68 68 68 68 68 68 68 68 90 90 
13026 13626 13833 15426 1.200000 1.170000
90 90 90 68 90 68 68 68 68 90 68 68 90 90 68 68 68 68 68 68 68 68 68 68 68 68 68 90 68 68 90 90 90 68 68 90 68 68 90 68 68 68 68 68 90 68 68 90 90 68 68 68 68 68 68 68 68 68 68 90 68 68 90 68 68 90 68 68 90 90 68 68 68 68 68 68 90 68 90 68 90 68 68 68 68 68 90 68 90 68 68 68 68 90 90 68 90 68 68 90 68 68 90 68 68 90 68 68 68 68 90 68 68 90 90 90 68 68 68 68 68 68 90 68 68 68 68 68 68 68 68 90 68 90 68 68 68 68 68 90 68 68 68 68 68 68 68 68 90 90 
13173 13773 13863 15573 1.670000 1.360000
113 113 135 113 135 90 90 113 90 113 90 113 113 113 113 113 90 113 113 113 113 113 90 90 90 113 113 113 90 113 113 135 113 90 113 135 90 90 113 90 90 113 90 90 135 90 90 135 135 90 90 113 90 90 90 113 113 90 90 113 90 90 113 113 113 113 90 113 135 113 90 113 113 90 90 90 135 113 135 90 113 90 90 113 90 90 113 90 135 90 90 113 90 135 113 113 113 113 90 113 113 90 135 90 113 113 90 113 113 90 113 90 113 113 113 113 90 113 90 90 90 90 135 113 90 90 90 90 90 90 113 113 90 113 113 90 90 90 90 113 90 113 90 113 90 90 90 113 113 113 
13381 13981 14089 15781 1.270000 1.240000
68 68 68 68 68 68 68 68 68 68 68 68 68 68 68 68 68 68 68 68 68 68 68 68 68 68 68 68 68 68 68 68 68 68 68 68 68 68 68 68 68 68 68 68 68 68 68 68 68 68 68 68 68 68 68 68 68 68 68 68 68 68 68 68 68 68 68 68 68 68 68 68 68 68 68 68 68 68 68 68 68 68 68 68 68 68 68 68 68 68 68 68 68 68 68 68 68 68 68 68 68 68 68 68 68 68 68 68 68 68 68 68 68 68 68 68 68 68 68 68 68 68 68 68 68 68 68 68 68 68 68 68 68 68 68 68 68 68 68 68 68 68 68 68 68 68 68 68 68 68 
13439 14039 14363 15839 1.300000 1.260000
113 113 135 113 135 90 90 113 90 113 90 113 113 113 113 113 90 113 113 113 113 113 90 90 90 113 113 113 90 113 113 135 113 90 113 135 90 90 113 90 90 113 90 90 135 90 90 135 135 90 90 113 90 90 90 113 113 90 90 113 90 90 113 113 113 113 90 113 135 113 90 113 113 90 90 90 135 113 135 90 113 90 90 113 90 90 113 90 135 90 90 113 90 135 113 113 113 113 90 113 113 90 135 90 113 113 90 113 113 90 113 90 113 113 113 113 90 113 90 90 90 90 135 113 90 90 90 90 90 90 113 113 90 113 113 90 90 90 90 113 90 113 90 113 90 90 90 113 113 113 
13463 14063 14606 15863 1.240000 1.400000
90 90 90 68 90 68 68 68 68 90 68 68 90 90 68 68 68 68 68 68 68 68 68 68 68 68 68 90 68 68 90 90 90 68 68 90 68 68 90 68 68 68 68 68 90 68 68 90 90 68 68 68 68 68 68 68 68 68 68 90 68 68 90 68 68 90 68 68 90 90 68 68 68 68 68 68 90 68 90 68 90 68 68 68 68 68 90 68 90 68 68 68 68 90 90 68 90 68 68 90 68 68 90 68 68 90 68 68 68 68 90 68 68 90 90 90 68 68 68 68 68 68 90 68 68 68 68 68 68 68 68 90 68 90 68 68 68 68 68 90 68 68 68 68 68 68 68 68 90 90 
13523 14123 14307 15923 1.690000 1.610000
68 68 68 68 68 68 68 68 68 68 68 68 68 68 68 68 68 68 68 68 68 68 68 68 68 68 68 68 68 68 68 68 68 68 68 68 68 68 68 68 68 68 68 68 68 68 68 68 68 68 68 68 68 68 68 68 68 68 68 68 68 68 68 68 68 68 68 68 68 68 68 68 68 68 68 68 68 68 68 68 68 68 68 68 68 68 68 68 68 68 68 68 68 68 68 68 68 68 68 68 68 68 68 68 68 68 68 68 68 68 68 68 68 68 68 68 68 68 68 68 68 68 68 68 68 68 68 68 68 68 68 68 68 68 68 68 68 68 68 68 68 68 68 68 68 68 68 68 68 68 
13857 14457 14907 16257 1.290000 1.060000
68 68 68 68 68 68 68 68 68 68 68 68 68 68 68 68 68 68 68 68 68 68 68 68 68 68 68 68 68 68 68 68 68 68 68 68 68 68 68 68 68 68 68 68 68 68 68 68 68 68 68 68 68 68 68 68 68 68 68 68 68 68 68 68 68 68 68 68 68 68 68 68 68 68 68 68 68 68 68 68 68 68 68 68 68 68 68 68 68 68 68 68 68 68 68 68 68 68 68 68 68 68 68 68 68 68 68 68 68 68 68 68 68 68 68 68 68 68 68 68 68 68 68 68 68 68 68 68 68 68 68 68 68 68 68 68 68 68 68 68 68 68 68 68 68 68 68 68 68 68 
13860 14460 14949 16260 1.190000 1.450000
68 68 68 68 68 68 68 68 68 68 68 68 68 68 68 68 68 68 68 68 68 68 68 68 68 68 68 68 68 68 68 68 68 68 68 68 68 68 68 68 68 68 68 68 68 68 68 68 68 68 68 68 68 68 68 68 68 68 68 68 68 68 68 68 68 68 68 68 68 68 68 68 68 68 68 68 68 68 68 68 68 68 68 68 68 68 68 68 68 68 68 68 68 68 68 68 68 68 68 68 68 68 68 68 68 68 68 68 68 68 68 68 68 68 68 68 68 68 68 68 68 68 68 68 68 68 68 68 68 68 68 68 68 68 68 68 68 68 68 68 68 68 68 68 68 68 68 68 68 68 
13953 14553 14693 16353 1.030000 1.250000
113 113 135 113 135 90 90 113 90 113 90 113 113 113 113 113 90 113 113 113 113 113 90 90 90 113 113 113 90 113 113 135 113 90 113 135 90 90 113 90 90 113 90 90 135 90 90 135 135 90 90 113 90 90 90 113 113 90 90 113 90 90 113 113 113 113 90 113 135 113 90 113 113 90 90 90 135 113 135 90 113 90 90 113 90 90 113 90 135 90 90 113 90 135 113 113 113 113 90 113 113 90 135 90 113 113 90 113 113 90 113 90 113 113 113 113 90 113 90 90 90 90 135 113 90 90 90 90 90 90 113 113 90 113 113 90 90 90 90 113 90 113 90 113 90 90 90 113 113 113 
14019 14619 14931 16419 1.740000 1.390000
90 90 90 68 90 68 68 68 68 90 68 68 90 90 68 68 68 68 68 68 68 68 68 68 68 68 68 90 68 68 90 90 90 68 68 90 68 68 90 68 68 68 68 68 90 68 68 90 90 68 68 68 68 68 68 68 68 68 68 90 68 68 90 68 68 90 68 68 90 90 68 68 68 68 68 68 90 68 90 68 90 68 68 68 68 68 90 68 90 68 68 68 68 90 90 68 90 68 68 90 68 68 90 68 68 90 68 68 68 68 90 68 68 90 90 90 68 68 68 68 68 68 90 68 68 68 68 68 68 68 68 90 68 90 68 68 68 68 68 90 68 68 68 68 68 68 68 68 90 90 
14082 14682 15139 16482 1.780000 1.110000
113 113 135 113 135 90 90 113 90 113 90 113 113 113 113 113 90 113 113 113 113 113 90 90 90 113 113 113 90 113 113 135 113 90 113 135 90 90 113 90 90 113 90 90 135 90 90 135 135 90 90 113 90 90 90 113 113 90 90 113 90 90 113 113 113 113 90 113 135 113 90 113 113 90 90 90 135 113 135 90 113 90 90 113 90 90 113 90 135 90 90 113 90 135 113 113 113 113 90 113 113 90 135 90 113 113 90 113 113 90 113 90 113 113 113 113 90 113 90 90 90 90 135 113 90 90 90 90 90 90 113 113 90 113 113 90 90 90 90 113 90 113 90 113 90 90 90 113 113 113 
14098 14698 15008 16498 1.650000 1.420000
113 113 135 113 135 90 90 113 90 113 90 113 113 113 113 113 90 113 113 113 113 113 90 90 90 113 113 113 90 113 113 135 113 90 113 135 90 90 113 90 90 113 90 90 135 90 90 135 135 90 90 113 90 90 90 113 113 90 90 113 90 90 113 113 113 113 90 113 135 113 90 113 113 90 90 90 135 113 135 90 113 90 90 113 90 90 113 90 135 90 90 113 90 135 113 113 113 113 90 113 113 90 135 90 113 113 90 113 113 90 113 90 113 113 113 113 90 113 90 90 90 90 135 113 90 90 90 90 90 90 113 113 90 113 113 90 90 90 90 113 90 113 90 113 90 90 90 113 113 113 
14149 14749 14987 16549 1.030000 1.460000
113 113 135 113 135 90 90 113 90 113 90 113 113 113 113 113 90 113 113 113 113 113 90 90 90 113 113 113 90 113 113 135 113 90 113 135 90 90 113 90 90 113 90 90 135 90 90 135 135 90 90 113 90 90 90 113 113 90 90 113 90 90 113 113 113 113 90 113 135 113 90 113 113 90 90 90 135 113 135 90 113 90 90 113 90 90 113 90 135 90 90 113 90 135 113 113 113 113 90 113 113 90 135 90 113 113 90 113 113 90 113 90 113 113 113 113 90 113 90 90 90 90 135 113 90 90 90 90 90 90 113 113 90 113 113 90 90 90 90 113 90 113 90 113 90 90 90 113 113 113 
14169 14769 14902 16569 1.040000 1.290000
113 113 135 113 135 90 90 113 90 113 90 113 113 113 113 113 90 113 113 113 113 113 90 90 90 113 113 113 90 113 113 135 113 90 113 135 90 90 113 90 90 113 90 90 135 90 90 135 135 90 90 113 90 90 90 113 113 90 90 113 90 90 113 113 113 113 90 113 135 113 90 113 113 90 90 90 135 113 135 90 113 90 90 113 90 90 113 90 135 90 90 113 90 135 113 113 113 113 90 113 113 90 135 90 113 113 90 113 113 90 113 90 113 113 113 113 90 113 90 90 90 90 135 113 90 90 90 90 90 90 113 113 90 113 113 90 90 90 90 113 90 113 90 113 90 90 90 113 113 113 
14352 14952 15264 16752 2.000000 1.500000
68 68 68 68 68 68 68 68 68 68 68 68 68 68 68 68 68 68 68 68 68 68 68 68 68 68 68 68 68 68 68 68 68 68 68 68 68 68 68 68 68 68 68 68 68 68 68 68 68 68 68 68 68 68 68 68 68 68 68 68 68 68 68 68 68 68 68 68 68 68 68 68 68 68 68 68 68 68 68 68 68 68 68 68 68 68 68 68 68 68 68 68 68 68 68 68 68 68 68 68 68 68 68 68 68 68 68 68 68 68 68 68 68 68 68 68 68 68 68 68 68 68 68 68 68 68 68 68 68 68 68 68 68 68 68 68 68 68 68 68 68 68 68 68 68 68 68 68 68 68 
14652 15252 15448 17052 1.570000 1.440000
90 90 90 68 90 68 68 68 68 90 68 68 90 90 68 68 68 68 68 68 68 68 68 68 68 68 68 90 68 68 90 90 90 68 68 90 68 68 90 68 68 68 68 68 90 68 68 90 90 68 68 68 68 68 68 68 68 68 68 90 68 68 90 68 68 90 68 68 90 90 68 68 68 68 68 68 90 68 90 68 90 68 68 68 68 68 90 68 90 68 68 68 68 90 90 68 90 68 68 90 68 68 90 68 68 90 68 68 68 68 90 68 68 90 90 90 68 68 68 68 68 68 90 68 68 68 68 68 68 68 68 90 68 90 68 68 68 68 68 90 68 68 68 68 68 68 68 68 90 90 
14754 15354 15569 17154 1.080000 1.050000
113 113 135 113 135 90 90 113 90 113 90 113 113 113 113 113 90 113 113 113 113 113 90 90 90 113 113 113 90 113 113 135 113 90 113 135 90 90 113 90 90 113 90 90 135 90 90 135 135 90 90 113 90 90 90 113 113 90 90 113 90 90 113 113 113 113 90 113 135 113 90 113 113 90 90 90 135 113 135 90 113 90 90 113 90 90 113 90 135 90 90 113 90 135 113 113 113 113 90 113 113 90 135 90 113 113 90 113 113 90 113 90 113 113 113 113 90 113 90 90 90 90 135 113 90 90 90 90 90 90 113 113 90 113 113 90 90 90 90 113 90 113 90 113 90 90 90 113 113 113 
14777 15377 15629 17177 1.490000 1.220000
113 113 135 113 135 90 90 113 90 113 90 113 113 113 113 113 90 113 113 113 113 113 90 90 90 113 113 113 90 113 113 135 113 90 113 135 90 90 113 90 90 113 90 90 135 90 90 135 135 90 90 113 90 90 90 113 113 90 90 113 90 90 113 113 113 113 90 113 135 113 90 113 113 90 90 90 135 113 135 90 113 90 90 113 90 90 113 90 135 90 90 113 90 135 113 113 113 113 90 113 113 90 135 90 113 113 90 113 113 90 113 90 113 113 113 113 90 113 90 90 90 90 135 113 90 90 90 90 90 90 113 113 90 113 113 90 90 90 90 113 90 113 90 113 90 90 90 113 113 113 
14913 15513 15739 17313 1.410000 1.490000
113 113 135 113 135 90 90 113 90 113 90 113 113 113 113 113 90 113 113 113 113 113 90 90 90 113 113 113 90 113 113 135 113 90 113 135 90 90 113 90 90 113 90 90 135 90 90 135 135 90 90 113 90 90 90 113 113 90 90 113 90 90 113 113 113 113 90 113 135 113 90 113 113 90 90 90 135 113 135 90 113 90 90 113 90 90 113 90 135 90 90 113 90 135 113 113 113 113 90 113 113 90 135 90 113 113 90 113 113 90 113 90 113 113 113 113 90 113 90 90 90 90 135 113 90 90 90 90 90 90 113 113 90 113 113 90 90 90 90 113 90 113 90 113 90 90 90 113 113 113 
15082 15682 15812 17482 1.460000 1.730000
113 113 135 113 135 90 90 113 90 113 90 113 113 113 113 113 90 113 113 113 113 113 90 90 90 113 113 113 90 113 113 135 113 90 113 135 90 90 113 90 90 113 90 90 135 90 90 135 135 90 90 113 90 90 90 113 113 90 90 113 90 90 113 113 113 113 90 113 135 113 90 113 113 90 90 90 135 113 135 90 113 90 90 113 90 90 113 90 135 90 90 113 90 135 113 113 113 113 90 113 113 90 135 90 113 113 90 113 113 90 113 90 113 113 113 113 90 113 90 90 90 90 135 113 90 90 90 90 90 90 113 113 90 113 113 90 90 90 90 113 90 113 90 113 90 90 90 113 113 113 
15195 15795 15868 17595 1.330000 1.740000
113 113 135 113 135 90 90 113 90 113 90 113 113 113 113 113 90 113 113 113 113 113 90 90 90 113 113 113 90 113 113 135 113 90 113 135 90 90 113 90 90 113 90 90 135 90 90 135 135 90 90 113 90 90 90 113 113 90 90 113 90 90 113 113 113 113 90 113 135 113 90 113 113 90 90 90 135 113 135 90 113 90 90 113 90 90 113 90 135 90 90 113 90 135 113 113 113 113 90 113 113 90 135 90 113 113 90 113 113 90 113 90 113 113 113 113 90 113 90 90 90 90 135 113 90 90 90 90 90 90 113 113 90 113 113 90 90 90 90 113 90 113 90 113 90 90 90 113 113 113 
15323 15923 16504 17723 1.650000 1.690000
113 113 135 113 135 90 90 113 90 113 90 113 113 113 113 113 90 113 113 113 113 113 90 90 90 113 113 113 90 113 113 135 113 90 113 135 90 90 113 90 90 113 90 90 135 90 90 135 135 90 90 113 90 90 90 113 113 90 90 113 90 90 113 113 113 113 90 113 135 113 90 113 113 90 90 90 135 113 135 90 113 90 90 113 90 90 113 90 135 90 90 113 90 135 113 113 113 113 90 113 113 90 135 90 113 113 90 113 113 90 113 90 113 113 113 113 90 113 90 90 90 90 135 113 90 90 90 90 90 90 113 113 90 113 113 90 90 90 90 113 90 113 90 113 90 90 90 113 113 113 
15349 15949 16510 17749 1.230000 1.040000
90 90 90 68 90 68 68 68 68 90 68 68 90 90 68 68 68 68 68 68 68 68 68 68 68 68 68 90 68 68 90 90 90 68 68 90 68 68 90 68 68 68 68 68 90 68 68 90 90 68 68 68 68 68 68 68 68 68 68 90 68 68 90 68 68 90 68 68 90 90 68 68 68 68 68 68 90 68 90 68 90 68 68 68 68 68 90 68 90 68 68 68 68 90 90 68 90 68 68 90 68 68 90 68 68 90 68 68 68 68 90 68 68 90 90 90 68 68 68 68 68 68 90 68 68 68 68 68 68 68 68 90 68 90 68 68 68 68 68 90 68 68 68 68 68 68 68 68 90 90 
15413 16013 16238 17813 1.340000 1.120000
68 68 68 68 68 68 68 68 68 68 68 68 68 68 68 68 68 68 68 68 68 68 68 68 68 68 68 68 68 68 68 68 68 68 68 68 68 68 68 68 68 68 68 68 68 68 68 68 68 68 68 68 68 68 68 68 68 68 68 68 68 68 68 68 68 68 68 68 68 68 68 68 68 68 68 68 68 68 68 68 68 68 68 68 68 68 68 68 68 68 68 68 68 68 68 68 68 68 68 68 68 68 68 68 68 68 68 68 68 68 68 68 68 68 68 68 68 68 68 68 68 68 68 68 68 68 68 68 68 68 68 68 68 68 68 68 68 68 68 68 68 68 68 68 68 68 68 68 68 68 
15443 16043 16404 17843 1.430000 1.820000
113 113 135 113 135 90 90 113 90 113 90 113 113 113 113 113 90 113 113 113 113 113 90 90 90 113 113 113 90 113 113 135 113 90 113 135 90 90 113 90 90 113 90 90 135 90 90 135 135 90 90 113 90 90 90 113 113 90 90 113 90 90 113 113 113 113 90 113 135 113 90 113 113 90 90 90 135 113 135 90 113 90 90 113 90 90 113 90 135 90 90 113 90 135 113 113 113 113 90 113 113 90 135 90 113 113 90 113 113 90 113 90 113 113 113 113 90 113 90 90 90 90 135 113 90 90 90 90 90 90 113 113 90 113 113 90 90 90 90 113 90 113 90 113 90 90 90 113 113 113 
16049 16649 17142 18449 1.220000 1.790000
68 68 68 68 68 68 68 68 68 68 68 68 68 68 68 68 68 68 68 68 68 68 68 68 68 68 68 68 68 68 68 68 68 68 68 68 68 68 68 68 68 68 68 68 68 68 68 68 68 68 68 68 68 68 68 68 68 68 68 68 68 68 68 68 68 68 68 68 68 68 68 68 68 68 68 68 68 68 68 68 68 68 68 68 68 68 68 68 68 68 68 68 68 68 68 68 68 68 68 68 68 68 68 68 68 68 68 68 68 68 68 68 68 68 68 68 68 68 68 68 68 68 68 68 68 68 68 68 68 68 68 68 68 68 68 68 68 68 68 68 68 68 68 68 68 68 68 68 68 68 
16084 16684 17151 18484 1.270000 1.820000
90 90 90 68 90 68 68 68 68 90 68 68 90 90 68 68 68 68 68 68 68 68 68 68 68 68 68 90 68 68 90 90 90 68 68 90 68 68 90 68 68 68 68 68 90 68 68 90 90 68 68 68 68 68 68 68 68 68 68 90 68 68 90 68 68 90 68 68 90 90 68 68 68 68 68 68 90 68 90 68 90 68 68 68 68 68 90 68 90 68 68 68 68 90 90 68 90 68 68 90 68 68 90 68 68 90 68 68 68 68 90 68 68 90 90 90 68 68 68 68 68 68 90 68 68 68 68 68 68 68 68 90 68 90 68 68 68 68 68 90 68 68 68 68 68 68 68 68 90 90 
16234 16834 17173 18634 1.060000 1.780000
113 113 135 113 135 90 90 113 90 113 90 113 113 113 113 113 90 113 113 113 113 113 90 90 90 113 113 113 90 113 113 135 113 90 113 135 90 90 113 90 90 113 90 90 135 90 90 135 135 90 90 113 90 90 90 113 113 90 90 113 90 90 113 113 113 113 90 113 135 113 90 113 113 90 90 90 135 113 135 90 113 90 90 113 90 90 113 90 135 90 90 113 90 135 113 113 113 113 90 113 113 90 135 90 113 113 90 113 113 90 113 90 113 113 113 113 90 113 90 90 90 90 135 113 90 90 90 90 90 90 113 113 90 113 113 90 90 90 90 113 90 113 90 113 90 90 90 113 113 113 
16240 16840 17311 18640 1.020000 1.940000
113 113 135 113 135 90 90 113 90 113 90 113 113 113 113 113 90 113 113 113 113 113 90 90 90 113 113 113 90 113 113 135 113 90 113 135 90 90 113 90 90 113 90 90 135 90 90 135 135 90 90 113 90 90 90 113 113 90 90 113 90 90 113 113 113 113 90 113 135 113 90 113 113 90 90 90 135 113 135 90 113 90 90 113 90 90 113 90 135 90 90 113 90 135 113 113 113 113 90 113 113 90 135 90 113 113 90 113 113 90 113 90 113 113 113 113 90 113 90 90 90 90 135 113 90 90 90 90 90 90 113 113 90 113 113 90 90 90 90 113 90 113 90 113 90 90 90 113 113 113 
16420 17020 17109 18820 1.440000 1.780000
113 113 135 113 135 90 90 113 90 113 90 113 113 113 113 113 90 113 113 113 113 113 90 90 90 113 113 113 90 113 113 135 113 90 113 135 90 90 113 90 90 113 90 90 135 90 90 135 135 90 90 113 90 90 90 113 113 90 90 113 90 90 113 113 113 113 90 113 135 113 90 113 113 90 90 90 135 113 135 90 113 90 90 113 90 90 113 90 135 90 90 113 90 135 113 113 113 113 90 113 113 90 135 90 113 113 90 113 113 90 113 90 113 113 113 113 90 113 90 90 90 90 135 113 90 90 90 90 90 90 113 113 90 113 113 90 90 90 90 113 90 113 90 113 90 90 90 113 113 113 
16477 17077 17170 18877 1.150000 1.180000
113 113 135 113 135 90 90 113 90 113 90 113 113 113 113 113 90 113 113 113 113 113 90 90 90 113 113 113 90 113 113 135 113 90 113 135 90 90 113 90 90 113 90 90 135 90 90 135 135 90 90 113 90 90 90 113 113 90 90 113 90 90 113 113 113 113 90 113 135 113 90 113 113 90 90 90 135 113 135 90 113 90 90 113 90 90 113 90 135 90 90 113 90 135 113 113 113 113 90 113 113 90 135 90 113 113 90 113 113 90 113 90 113 113 113 113 90 113 90 90 90 90 135 113 90 90 90 90 90 90 113 113 90 113 113 90 90 90 90 113 90 113 90 113 90 90 90 113 113 113 
16728 17328 17514 19128 1.370000 2.000000
68 68 68 68 68 68 68 68 68 68 68 68 68 68 68 68 68 68 68 68 68 68 68 68 68 68 68 68 68 68 68 68 68 68 68 68 68 68 68 68 68 68 68 68 68 68 68 68 68 68 68 68 68 68 68 68 68 68 68 68 68 68 68 68 68 68 68 68 68 68 68 68 68 68 68 68 68 68 68 68 68 68 68 68 68 68 68 68 68 68 68 68 68 68 68 68 68 68 68 68 68 68 68 68 68 68 68 68 68 68 68 68 68 68 68 68 68 68 68 68 68 68 68 68 68 68 68 68 68 68 68 68 68 68 68 68 68 68 68 68 68 68 68 68 68 68 68 68 68 68 
16777 17377 17668 19177 1.310000 1.540000
113 113 135 113 135 90 90 113 90 113 90 113 113 113 113 113 90 113 113 113 113 113 90 90 90 113 113 113 90 113 113 135 113 90 113 135 90 90 113 90 90 113 90 90 135 90 90 135 135 90 90 113 90 90 90 113 113 90 90 113 90 90 113 113 113 113 90 113 135 113 90 113 113 90 90 90 135 113 135 90 113 90 90 113 90 90 113 90 135 90 90 113 90 135 113 113 113 113 90 113 113 90 135 90 113 113 90 113 113 90 113 90 113 113 113 113 90 113 90 90 90 90 135 113 90 90 90 90 90 90 113 113 90 113 113 90 90 90 90 113 90 113 90 113 90 90 90 113 113 113 
16897 17497 18088 19297 1.080000 1.140000
90 90 90 68 90 68 68 68 68 90 68 68 90 90 68 68 68 68 68 68 68 68 68 68 68 68 68 90 68 68 90 90 90 68 68 90 68 68 90 68 68 68 68 68 90 68 68 90 90 68 68 68 68 68 68 68 68 68 68 90 68 68 90 68 68 90 68 68 90 90 68 68 68 68 68 68 90 68 90 68 90 68 68 68 68 68 90 68 90 68 68 68 68 90 90 68 90 68 68 90 68 68 90 68 68 90 68 68 68 68 90 68 68 90 90 90 68 68 68 68 68 68 90 68 68 68 68 68 68 68 68 90 68 90 68 68 68 68 68 90 68 68 68 68 68 68 68 68 90 90 
17289 17889 18468 19689 1.610000 1.310000
113 113 135 113 135 90 90 113 90 113 90 113 113 113 113 113 90 113 113 113 113 113 90 90 90 113 113 113 90 113 113 135 113 90 113 135 90 90 113 90 90 113 90 90 135 90 90 135 135 90 90 113 90 90 90 113 113 90 90 113 90 90 113 113 113 113 90 113 135 113 90 113 113 90 90 90 135 113 135 90 113 90 90 113 90 90 113 90 135 90 90 113 90 135 113 113 113 113 90 113 113 90 135 90 113 113 90 113 113 90 113 90 113 113 113 113 90 113 90 90 90 90 135 113 90 90 90 90 90 90 113 113 90 113 113 90 90 90 90 113 90 113 90 113 90 90 90 113 113 113 
17510 18110 18625 19910 1.870000 1.420000
90 90 90 68 90 68 68 68 68 90 68 68 90 90 68 68 68 68 68 68 68 68 68 68 68 68 68 90 68 68 90 90 90 68 68 90 68 68 90 68 68 68 68 68 90 68 68 90 90 68 68 68 68 68 68 68 68 68 68 90 68 68 90 68 68 90 68 68 90 90 68 68 68 68 68 68 90 68 90 68 90 68 68 68 68 68 90 68 90 68 68 68 68 90 90 68 90 68 68 90 68 68 90 68 68 90 68 68 68 68 90 68 68 90 90 90 68 68 68 68 68 68 90 68 68 68 68 68 68 68 68 90 68 90 68 68 68 68 68 90 68 68 68 68 68 68 68 68 90 90 
17842 18442 18697 20242 1.030000 1.070000
113 113 135 113 135 90 90 113 90 113 90 113 113 113 113 113 90 113 113 113 113 113 90 90 90 113 113 113 90 113 113 135 113 90 113 135 90 90 113 90 90 113 90 90 135 90 90 135 135 90 90 113 90 90 90 113 113 90 90 113 90 90 113 113 113 113 90 113 135 113 90 113 113 90 90 90 135 113 135 90 113 90 90 113 90 90 113 90 135 90 90 113 90 135 113 113 113 113 90 113 113 90 135 90 113 113 90 113 113 90 113 90 113 113 113 113 90 113 90 90 90 90 135 113 90 90 90 90 90 90 113 113 90 113 113 90 90 90 90 113 90 113 90 113 90 90 90 113 113 113 
17881 18481 18809 20281 1.080000 1.290000
113 113 135 113 135 90 90 113 90 113 90 113 113 113 113 113 90 113 113 113 113 113 90 90 90 113 113 113 90 113 113 135 113 90 113 135 90 90 113 90 90 113 90 90 135 90 90 135 135 90 90 113 90 90 90 113 113 90 90 113 90 90 113 113 113 113 90 113 135 113 90 113 113 90 90 90 135 113 135 90 113 90 90 113 90 90 113 90 135 90 90 113 90 135 113 113 113 113 90 113 113 90 135 90 113 113 90 113 113 90 113 90 113 113 113 113 90 113 90 90 90 90 135 113 90 90 90 90 90 90 113 113 90 113 113 90 90 90 90 113 90 113 90 113 90 90 90 113 113 113 
17912 18512 18837 20312 1.520000 1.200000
113 113 135 113 135 90 90 113 90 113 90 113 113 113 113 113 90 113 113 113 113 113 90 90 90 113 113 113 90 113 113 135 113 90 113 135 90 90 113 90 90 113 90 90 135 90 90 135 135 90 90 113 90 90 90 113 113 90 90 113 90 90 113 113 113 113 90 113 135 113 90 113 113 90 90 90 135 113 135 90 113 90 90 113 90 90 113 90 135 90 90 113 90 135 113 113 113 113 90 113 113 90 135 90 113 113 90 113 113 90 113 90 113 113 113 113 90 113 90 90 90 90 135 113 90 90 90 90 90 90 113 113 90 113 113 90 90 90 90 113 90 113 90 113 90 90 90 113 113 113 
18339 18939 19199 20739 1.950000 1.510000
90 90 90 68 90 68 68 68 68 90 68 68 90 90 68 68 68 68 68 68 68 68 68 68 68 68 68 90 68 68 90 90 90 68 68 90 68 68 90 68 68 68 68 68 90 68 68 90 90 68 68 68 68 68 68 68 68 68 68 90 68 68 90 68 68 90 68 68 90 90 68 68 68 68 68 68 90 68 90 68 90 68 68 68 68 68 90 68 90 68 68 68 68 90 90 68 90 68 68 90 68 68 90 68 68 90 68 68 68 68 90 68 68 90 90 90 68 68 68 68 68 68 90 68 68 68 68 68 68 68 68 90 68 90 68 68 68 68 68 90 68 68 68 68 68 68 68 68 90 90 
18350 18950 19331 20750 1.850000 1.740000
68 68 68 68 68 68 68 68 68 68 68 68 68 68 68 68 68 68 68 68 68 68 68 68 68 68 68 68 68 68 68 68 68 68 68 68 68 68 68 68 68 68 68 68 68 68 68 68 68 68 68 68 68 68 68 68 68 68 68 68 68 68 68 68 68 68 68 68 68 68 68 68 68 68 68 68 68 68 68 68 68 68 68 68 68 68 68 68 68 68 68 68 68 68 68 68 68 68 68 68 68 68 68 68 68 68 68 68 68 68 68 68 68 68 68 68 68 68 68 68 68 68 68 68 68 68 68 68 68 68 68 68 68 68 68 68 68 68 68 68 68 68 68 68 68 68 68 68 68 68 
18415 19015 19122 20815 1.750000 1.990000
68 68 68 68 68 68 68 68 68 68 68 68 68 68 68 68 68 68 68 68 68 68 68 68 68 68 68 68 68 68 68 68 68 68 68 68 68 68 68 68 68 68 68 68 68 68 68 68 68 68 68 68 68 68 68 68 68 68 68 68 68 68 68 68 68 68 68 68 68 68 68 68 68 68 68 68 68 68 68 68 68 68 68 68 68 68 68 68 68 68 68 68 68 68 68 68 68 68 68 68 68 68 68 68 68 68 68 68 68 68 68 68 68 68 68 68 68 68 68 68 68 68 68 68 68 68 68 68 68 68 68 68 68 68 68 68 68 68 68 68 68 68 68 68 68 68 68 68 68 68 
