20 10
0 75 82 486 30.000000 30.000000
99999 15 15 8 15 8 15 8 8 8 8 8 15 15 15 15 15 15 8 8 
82 157 197 628 10.000000 10.000000
15 99999 3 15 3 15 3 15 15 15 15 15 3 3 3 3 3 3 15 15 
59 134 160 561 10.000000 10.000000
15 3 99999 15 3 15 3 15 15 15 15 15 3 3 3 3 3 3 15 15 
28 103 117 565 30.000000 30.000000
8 15 15 99999 15 8 15 8 8 8 8 8 15 15 15 15 15 15 8 8 
126 201 261 735 10.000000 10.000000
15 3 3 15 99999 15 3 15 15 15 15 15 3 3 3 3 3 3 15 15 
20 95 106 524 30.000000 30.000000
8 15 15 8 15 99999 15 8 8 8 8 8 15 15 15 15 15 15 8 8 
110 185 229 664 10.000000 10.000000
15 3 3 15 3 15 99999 15 15 15 15 15 3 3 3 3 3 3 15 15 
23 98 108 523 30.000000 30.000000
8 15 15 8 15 8 15 99999 8 8 8 8 15 15 15 15 15 15 8 8 
42 117 132 578 30.000000 30.000000
8 15 15 8 15 8 15 8 99999 8 8 8 15 15 15 15 15 15 8 8 
42 117 130 569 30.000000 30.000000
8 15 15 8 15 8 15 8 8 99999 8 8 15 15 15 15 15 15 8 8 
57 132 149 615 30.000000 30.000000
8 15 15 8 15 8 15 8 8 8 99999 8 15 15 15 15 15 15 8 8 
39 114 126 551 30.000000 30.000000
8 15 15 8 15 8 15 8 8 8 8 99999 15 15 15 15 15 15 8 8 
186 261 336 834 10.000000 10.000000
15 3 3 15 3 15 3 15 15 15 15 15 99999 3 3 3 3 3 15 15 
175 250 316 790 10.000000 10.000000
15 3 3 15 3 15 3 15 15 15 15 15 3 99999 3 3 3 3 15 15 
139 214 258 688 10.000000 10.000000
15 3 3 15 3 15 3 15 15 15 15 15 3 3 99999 3 3 3 15 15 
235 310 409 967 10.000000 10.000000
15 3 3 15 3 15 3 15 15 15 15 15 3 3 3 99999 3 3 15 15 
194 269 338 818 10.000000 10.000000
15 3 3 15 3 15 3 15 15 15 15 15 3 3 3 3 99999 3 15 15 
162 237 287 726 10.000000 10.000000
15 3 3 15 3 15 3 15 15 15 15 15 3 3 3 3 3 99999 15 15 
69 144 160 607 30.000000 30.000000
8 15 15 8 15 8 15 8 8 8 8 8 15 15 15 15 15 15 99999 8 
76 151 169 624 30.000000 30.000000
8 15 15 8 15 8 15 8 8 8 8 8 15 15 15 15 15 15 8 99999 
